63 1419
63 3285
63 4165
63 4844
63 7119
63 8141
63 8895
64 4113
64 4824
64 5960
64 8636
65 1902
65 2232
65 2912
65 6808
65 8178
65 8914
65 10384
54 47
54 890
54 1653
54 1973
54 2213
54 8268
54 10459
52 126
52 1920
52 3722
52 5028
52 5841
52 7005
52 8478
52 9451
52 10007
59 104
59 2731
59 2831
59 5923
59 6328
59 6601
59 9387
60 3199
60 4599
60 9833
60 12216
60 12359
55 1483
55 5186
55 6009
55 7511
55 8264
50 406
50 1146
50 3850
50 6544
50 7073
50 7252
50 7408
50 8383
50 10296
56 217
56 1322
56 2287
56 3966
56 4913
56 6958
56 7415
56 11138
56 11697
53 417
53 1474
53 2418
53 2638
53 5076
53 5629
53 5946
53 7592
51 798
51 1800
51 2832
51 4659
51 6621
51 6696
51 7984
51 8240
51 9421
51 9641
61 512
61 1564
61 1615
61 2142
61 4569
61 8049
61 9360
61 10160
61 10251
61 10481
61 10762
61 12178
57 1273
57 2019
57 5507
57 6461
57 6474
57 7401
57 12316
58 4283
58 4379
58 4639
58 6613
58 7895
58 8237
58 8525
58 8862
49 1017
49 3494
49 4046
49 4266
49 4319
49 7181
49 8024
49 9283
53 12674
53 13798
53 14894
53 15488
53 15523
53 15711
63 10508
63 15501
63 16602
63 17642
63 18015
65 13340
65 18465
64 10632
64 11267
64 14821
64 15010
64 15466
64 17644
59 12364
59 12916
59 13888
59 13899
59 13927
59 15252
59 15372
59 15457
59 15948
59 16721
59 17168
59 17454
59 19553
59 21456
59 23671
54 11935
54 13380
54 14307
54 15741
54 16536
54 16923
54 17159
54 19456
54 20371
52 12060
52 12310
52 13348
52 14204
52 16156
52 21428
55 14182
55 16524
55 17875
55 21266
60 12768
60 13482
60 15680
60 17786
60 22965
56 12365
56 12676
56 13000
56 14092
56 16522
56 22520
56 23402
50 13229
50 14801
50 16448
50 19990
50 21145
61 14585
61 17130
61 18212
61 18818
61 19003
61 20455
61 21676
61 22440
61 22969
61 23833
61 24181
51 12970
51 13050
51 13871
51 14160
51 14341
51 14971
51 15277
51 15294
51 15791
51 16017
51 21800
51 23808
51 23851
58 14448
58 15008
58 16578
58 18867
58 21063
58 21531
58 21755
58 23617
57 13500
57 16885
57 18852
57 21729
57 21831
57 22183
57 22480
49 13084
49 14310
49 15624
49 17046
49 17334
49 17515
49 20067
49 20740
63 19413
63 22696
63 22770
63 24492
63 24934
63 27374
63 27389
64 19795
64 21300
64 22637
64 24556
64 26636
64 28516
64 28757
65 21735
65 22974
65 24522
65 25427
65 27055
65 29600
50 23989
50 26451
50 28325
50 28511
50 30145
54 25421
54 25946
54 28677
54 29457
54 29873
54 31532
54 34420
54 34927
54 35503
59 27076
59 27628
59 27930
59 28852
59 29322
59 30813
59 32060
59 36119
52 24809
52 25455
52 28351
52 29358
52 29724
52 29995
52 33422
52 33721
52 34504
52 35049
52 35458
55 24632
55 25428
55 28326
55 29844
55 32541
55 35551
55 36300
56 24880
56 27572
56 31157
56 34946
56 35157
56 35916
60 25176
60 27391
60 27571
60 28952
60 30110
60 30555
60 31345
60 31846
60 32234
60 32575
60 32875
60 32881
60 35952
51 25160
51 25656
51 27009
51 29770
51 30828
51 31021
57 25735
57 25962
57 27710
57 31262
57 31967
57 32036
57 32713
57 32950
57 33237
58 29245
58 30379
58 32514
58 35865
58 36067
58 36072
58 36515
61 28760
61 29923
61 29993
61 33120
61 34250
61 34308
61 34533
61 34783
49 25909
49 27459
49 28920
49 29283
49 29720
49 31454
63 28663
63 29455
63 31910
63 32924
63 35672
63 37572
64 30078
64 30313
64 34104
64 34207
64 37708
64 38373
64 38736
65 32603
65 33321
65 33608
65 33868
65 34137
65 34484
65 35452
65 37147
65 39765
65 40479
54 35930
54 38012
54 44443
54 45179
54 47366
52 37806
52 38391
52 45769
52 46841
52 47224
52 48692
52 49138
55 37181
55 38149
55 44147
55 44936
55 45477
55 45610
55 47321
55 48028
55 49100
59 37766
59 39378
59 39998
59 42373
59 44840
59 45305
59 45479
59 46137
59 49708
59 49723
56 40796
56 43517
56 45590
56 45770
56 46873
56 46995
60 39861
60 42527
60 44384
60 45038
60 45086
60 46530
60 46593
60 46656
60 48409
57 37799
57 40694
57 41052
57 44297
57 46331
51 36586
51 39421
51 41856
51 42377
51 42641
51 46906
58 39686
58 40419
58 41097
58 42505
58 44694
58 44777
58 45219
58 45223
58 46796
58 47488
58 48056
58 50691
61 39168
61 39361
61 40000
61 43421
61 45826
61 46749
61 48082
61 48382
49 37872
49 41693
49 43172
63 37895
63 38584
63 39034
63 39359
63 42590
63 45685
57 54282
65 45989
65 46240
65 47863
65 48359
65 48802
65 49004
64 42038
64 45245
64 46126
64 49238
54 47839
54 49134
54 49260
54 53858
54 54136
54 54274
54 56659
54 56905
54 58056
55 49278
55 50412
55 50736
55 53872
55 54111
55 54540
55 55968
55 60195
55 60336
52 53200
52 53462
52 54592
52 57001
52 57669
52 59570
52 60613
52 60709
60 51908
60 52059
60 54533
60 55731
60 56332
60 57710
60 58906
60 59506
60 60252
56 50365
56 50531
56 59094
56 59278
56 59916
56 60015
56 60145
56 60201
59 51802
59 53596
59 55869
59 58404
59 60318
59 60393
59 61812
61 49892
61 49914
61 50252
61 50498
61 51393
61 51655
61 51752
61 52257
61 52958
61 53025
61 53739
61 54878
61 60915
61 61769
61 61910
51 50563
51 52360
51 53822
51 56181
51 57367
51 57380
51 58063
49 45323
49 46073
49 47203
49 50838
49 51616
49 52916
58 51174
58 52097
58 53070
58 53622
58 54180
58 54448
58 55195
58 60152
58 61385
58 62935
52 65821
64 49472
64 52870
64 54308
64 56746
64 58163
64 58299
64 58340
64 58791
63 48765
63 50456
63 50943
63 52707
63 54578
63 55781
63 56344
54 59083
54 61154
54 61230
54 62901
54 63919
54 66213
54 66882
54 66952
55 61197
55 62858
55 63071
55 66132
55 66236
55 66603
55 66733
55 69345
55 69623
55 70356
55 71181
55 71893
55 71964
55 72507
55 72597
60 69428
60 72864
60 73827
56 62190
56 63255
56 64008
56 66275
56 66364
56 68941
56 70437
59 62010
59 63711
59 66897
59 69327
59 72403
61 62727
61 64072
61 65157
61 67225
61 67972
61 73201
51 60475
51 61301
51 64771
51 65332
51 65406
51 65728
51 65807
51 68973
51 70469
51 70522
49 56814
49 57027
49 59127
49 59819
49 61923
49 65158
64 59224
64 62117
64 63421
64 64018
64 64193
64 64439
64 65898
64 66970
64 69046
58 65411
58 65861
58 67661
58 67881
58 68378
58 68569
58 69739
58 71076
58 73119
58 73892
58 74405
63 56825
63 59795
55 72786
55 74210
55 75781
55 76892
55 77045
55 77295
55 77928
55 79749
55 80623
55 81669
55 81944
55 82063
55 82089
55 82696
55 83969
54 70821
54 79735
54 80812
51 72612
51 72876
51 73158
51 73710
51 73839
51 75363
51 75539
51 78993
51 79462
51 79855
51 79890
51 80015
51 80414
51 81265
51 82137
51 82281
51 83293
51 83619
59 78276
59 80143
59 84077
59 84370
49 66231
49 66951
49 71025
49 73138
49 74888
49 75170
49 75888
49 76093
60 75567
60 81622
60 81883
60 82757
60 85805
56 75433
56 75530
56 79825
56 80619
56 83232
56 86030
61 75853
61 78262
61 79464
61 80604
61 83270
61 84102
64 69515
64 70392
64 70627
64 71768
64 74204
64 76033
64 78074
64 78366
63 74994
58 76358
58 78636
58 81388
58 82669
58 83532
51 85193
51 89778
51 93499
51 94467
51 94549
55 86898
55 89006
55 89124
55 92751
55 93908
55 95036
55 95342
49 79998
49 81281
49 82822
49 83099
49 84770
49 85049
54 84264
54 86196
54 86527
54 86740
54 92667
54 93095
54 93357
60 88195
60 88819
60 89248
60 92844
60 93608
60 93728
60 95137
60 95956
61 87920
61 88323
61 88522
61 89173
61 89272
61 93822
61 96480
61 97477
59 88764
59 89869
59 90444
59 90531
59 91174
59 93253
59 93289
59 93380
59 94466
59 97033
59 97413
56 95303
56 95643
63 83135
64 79767
64 82672
64 86193
64 86756
58 89119
58 91431
58 91532
58 93448
58 94523
58 96196
58 98210
58 99495
58 99965
55 100395
55 101561
55 103457
55 103997
55 104934
55 105423
55 107511
55 108251
55 109921
54 96682
54 99886
54 101016
54 101291
54 101706
54 104134
54 105864
51 104411
51 105821
51 109071
49 88934
49 90088
49 92775
49 93687
49 95033
49 98273
49 98303
60 99077
60 101555
60 103911
60 104757
60 106340
60 107396
60 107846
61 99959
61 101718
61 104215
61 105605
61 108587
56 99207
56 104327
56 104667
56 106057
56 107476
56 108102
56 108107
56 109488
59 100406
59 103832
59 105712
59 108993
59 109808
59 110248
59 110669
59 111522
63 87291
63 87642
63 88070
63 92855
63 93296
55 110355
55 111660
55 112024
55 112073
55 113593
55 115017
55 120830
55 121234
55 121704
64 90407
64 91462
64 96752
64 97134
58 101558
58 103018
58 105228
58 105522
58 106555
58 106862
58 107556
58 108127
58 108336
49 99452
49 100795
49 100974
49 101182
49 101573
49 102964
49 105834
49 105908
49 106855
49 108135
49 108664
49 109194
49 109962
49 110185
51 111675
51 113686
51 114799
51 117810
51 118099
51 118693
51 119889
54 107214
54 109654
54 114530
54 116761
54 116790
61 114101
61 115400
61 116547
61 118180
61 119209
61 119684
61 120154
61 121256
61 122902
59 111817
59 111965
59 113624
59 116329
59 116791
59 117899
59 118302
59 121693
59 122119
59 123275
59 124292
56 113652
56 116158
56 117512
56 117970
56 121540
56 122593
56 122720
60 111721
60 114750
60 115299
60 119352
60 121776
60 122277
60 123323
60 123456
63 94806
63 96338
63 96474
63 98532
63 99173
63 99958
54 122033
54 123018
54 126543
54 127945
54 128175
54 129132
54 130804
55 122245
55 123192
55 124161
55 125701
55 126480
55 127721
55 129135
55 130858
55 131638
55 132738
64 99578
64 100210
64 100447
64 102175
64 105269
64 105337
64 105986
64 107230
61 127852
61 135254
61 136467
51 126862
51 127728
51 128225
51 128594
51 129489
51 132144
58 114091
58 115925
58 116968
58 118535
58 119368
58 119864
58 121435
58 122766
58 124888
58 125637
59 128172
59 128817
59 129723
59 130573
59 132336
59 133031
59 134020
59 136910
49 117170
49 119772
63 104603
63 107181
63 108891
63 109340
56 124374
56 126260
56 127700
56 128687
56 128815
56 131750
56 133049
56 133576
56 133652
56 134733
60 123960
60 125923
60 128463
60 130289
60 131195
60 131747
60 135292
60 135490
60 135781
60 136190
60 136946
60 138542
58 126408
58 129377
58 130135
58 130595
58 131286
58 131353
58 131845
58 133591
58 133801
61 138473
61 138852
61 139177
61 140953
61 142804
61 143425
61 144861
61 145236
61 146877
61 147997
61 149105
54 139084
54 140027
54 141795
51 135291
51 138651
51 142900
51 145745
55 137137
55 140826
55 142321
55 144622
55 144904
64 112156
64 112498
64 113268
64 114440
64 114824
64 115739
64 115876
64 115962
64 116175
49 122203
49 123840
49 128197
49 130753
63 113618
63 114047
63 115217
63 116350
63 118489
63 120528
63 121000
59 138868
59 139759
59 140463
59 141287
59 141607
59 141942
59 143104
59 146502
59 147228
56 137428
56 138780
56 139673
56 139957
56 140860
56 145364
56 146044
56 146119
56 146201
51 147753
51 149343
51 149466
51 149934
51 151102
51 152361
51 155925
64 121700
64 123733
64 123949
64 125661
49 136405
49 139883
49 140486
59 149452
59 149754
59 150505
59 152960
59 153660
59 153742
59 155554
59 155687
59 156083
54 145858
54 145946
54 146337
54 146633
54 150535
54 150982
54 151840
54 151848
54 152077
54 152248
61 151135
61 153174
61 153647
61 156673
61 157056
61 157417
61 157502
61 159967
61 160289
61 162757
51 158064
51 158336
51 158428
51 160713
51 162554
51 162672
51 166416
63 124156
63 125577
63 126000
63 126449
63 127771
63 128858
63 129326
64 128308
64 130732
64 130877
64 132623
64 135143
49 144304
49 144381
49 144764
49 145279
49 145567
49 148295
49 148522
49 150985
49 151839
49 152078
49 154058
49 154710
54 155486
54 155560
54 157883
54 161910
54 164608
54 166441
54 168523
54 168770
63 136533
63 137068
63 137323
63 138396
63 141180
64 141333
64 141617
64 141847
64 144598
64 144734
63 143414
63 143665
63 144173
63 144630
63 146422
63 148360
63 149531
64 148756
64 150987
64 152890
64 152932
64 156237
64 157164
63 155790
63 155870
63 156476
63 157136
64 158170
64 160459
64 161050
64 161282
64 163624
64 163915
64 164424
64 165640
64 166994
63 160854
63 161720
63 161753
63 162128
63 164947
63 165176
63 167912
64 169608
64 170609
64 172038
64 176047
64 176319
63 170473
63 171068
63 171711
63 171920
63 172038
63 173342
63 174721
64 178702
64 181440
64 182808
64 186270
63 181950
63 186357
63 186984
63 188623
64 187797
64 188954
64 192037
64 194353
64 195764
63 190177
63 190181
63 191219
63 193203
63 193490
63 197311
64 196902
64 199684
63 200930
63 201430
63 202086
63 202944
63 205693
63 207918
64 208495
64 208767
64 214332
63 217601
64 221781
64 221812
64 222687
64 226485
64 227343
64 227371
64 231003
64 232000
64 232408
64 233641
64 239126
64 239812
64 241912
64 242528
64 245958
64 248760
64 252858
