53 1574
53 4377
53 10043
53 12667
53 14039
53 15075
53 15523
50 732
50 4246
50 4377
50 5401
50 6114
50 6779
50 11746
50 12827
50 15331
50 17549
50 17938
50 20379
50 20750
50 21205
50 31719
50 32523
65 3969
65 12926
65 14825
65 16530
65 21663
65 22462
65 22780
65 24111
65 25890
65 26767
65 32100
65 34596
65 38097
65 42669
65 45702
57 536
57 1273
57 2891
57 9105
57 9985
57 10517
57 15179
57 17856
57 20410
57 23835
57 24244
57 34893
57 38323
57 45891
57 47509
57 48968
57 49195
57 52110
52 10787
52 13348
52 14546
52 14770
52 21990
52 24619
52 26462
52 28668
52 30301
52 32313
52 38018
52 43803
52 48032
52 55105
52 66371
58 7395
58 10417
58 12155
58 16115
58 16995
58 19022
58 30801
58 31200
58 31723
58 36489
58 41800
58 47179
58 47298
58 47922
58 58700
58 61653
58 61834
58 66523
58 72634
58 77640
58 80760
58 81901
58 86214
58 86237
58 99296
58 99563
58 100853
58 102995
58 108589
58 110874
58 112440
58 113329
58 113726
58 120885
58 121813
58 126022
58 126459
58 127456
58 130179
58 133591
60 17805
60 20957
60 41960
60 42749
60 42984
60 43384
60 44509
60 49777
60 52796
60 55520
60 68861
60 70123
60 71486
60 72181
60 75567
60 80152
60 85089
60 85627
60 88786
60 92492
60 96407
60 99077
60 103521
60 107397
60 114468
60 115081
60 123988
60 131124
60 133984
60 136386
60 139213
56 94
56 1804
56 13256
56 13934
56 16094
56 16128
56 33184
56 33615
56 35980
56 36634
56 40426
56 41843
56 42107
56 43189
56 45072
56 49435
56 60096
56 65440
56 70485
56 79140
56 80940
56 88280
56 93040
56 93201
56 96288
56 100163
56 102982
56 104714
56 105436
56 107719
56 108504
56 109711
56 111032
56 114860
56 123525
56 128415
56 137637
56 137691
56 139673
56 146620
55 2627
55 13340
55 13772
55 24852
55 25817
55 26281
55 26300
55 36092
55 38628
55 44147
55 45954
55 46245
55 47280
55 51419
55 52193
55 52621
55 55259
55 56089
55 67005
55 72474
55 77729
55 78912
55 82075
55 86898
55 91032
55 91233
55 97195
55 99822
55 107763
55 107891
55 110327
55 115234
55 116968
55 122690
55 130080
55 132136
55 132171
55 137549
55 139838
55 141195
55 141674
55 142847
59 275
59 9168
59 10561
59 18953
59 26015
59 30773
59 31524
59 37797
59 46615
59 46989
59 48421
59 51690
59 57055
59 58500
59 62997
59 63914
59 69411
59 70117
59 75609
59 78668
59 80604
59 81572
59 84716
59 89232
59 94777
59 95908
59 97174
59 97386
59 101566
59 102984
59 111513
59 116267
59 124155
59 124682
59 125313
59 128516
59 131916
59 136998
59 138287
59 142952
59 143319
59 144896
59 147165
59 147613
59 150912
59 152111
59 156113
61 18524
61 20455
61 22156
61 27979
61 29243
61 30615
61 33244
61 34783
61 36963
61 44037
61 53330
61 67618
61 69040
61 76363
61 83801
61 84293
61 86931
61 87743
61 93235
61 94385
61 99691
61 102411
61 124765
61 129800
61 140629
61 140691
61 151319
61 156417
61 157397
61 157502
61 158619
61 158694
61 163364
49 2990
49 6735
49 8228
49 8830
49 9527
49 17973
49 27110
49 27738
49 29123
49 30266
49 33457
49 46291
49 52628
49 55668
49 62640
49 71838
49 77725
49 77901
49 77948
49 83878
49 85101
49 89802
49 91015
49 97635
49 98273
49 99359
49 106772
49 107170
49 109457
49 111133
49 113432
49 120747
49 124481
49 126615
49 130257
49 130626
49 132633
49 133908
49 135157
49 149550
51 6696
51 9662
51 10052
51 14478
51 16026
51 19844
51 19987
51 22970
51 24397
51 30713
51 36675
51 46654
51 48694
51 53408
51 54089
51 61705
51 65750
51 70714
51 77793
51 78440
51 89397
51 91361
51 93920
51 96507
51 99996
51 103879
51 106042
51 106322
51 111693
51 116081
51 118032
51 119007
51 120302
51 122717
51 123689
51 124685
51 124823
51 125020
51 126951
51 140064
51 140694
51 142900
51 144346
51 148378
51 150191
51 154003
54 1996
54 5294
54 7147
54 14119
54 14903
54 15604
54 26754
54 31345
54 36069
54 36392
54 37073
54 39121
54 41069
54 51930
54 52067
54 53140
54 57382
54 59154
54 62448
54 64467
54 64714
54 65214
54 66952
54 72592
54 76690
54 77242
54 80278
54 80812
54 82703
54 86990
54 87861
54 89273
54 95542
54 97066
54 114524
54 117178
54 118756
54 127238
54 132778
54 137403
54 138469
54 147351
54 148419
54 153849
54 158667
54 164319
63 2079
63 7782
63 9254
63 15712
63 18250
63 19410
63 25902
63 27177
63 40708
63 48942
63 66715
63 73162
63 74854
63 79611
63 87690
63 87777
63 90785
63 97401
63 110088
63 118244
63 118915
63 119925
63 120595
63 121734
63 122781
63 125503
63 128482
63 136022
63 145229
63 148765
63 159161
63 159534
63 159661
63 165874
63 167912
63 190648
63 190855
63 193069
63 196537
63 201290
63 202944
63 209589
63 210405
63 213995
63 214277
64 2485
64 6741
64 11869
64 22554
64 22637
64 25619
64 29779
64 38701
64 39742
64 41569
64 43878
64 47321
64 51492
64 57462
64 61898
64 62104
64 63006
64 63370
64 64639
64 78082
64 85129
64 87661
64 89119
64 89830
64 96668
64 99183
64 100546
64 107906
64 110305
64 112728
64 119409
64 128316
64 139445
64 143945
64 145915
64 157423
64 157725
64 159122
64 159204
64 159502
64 169393
64 171580
64 175615
64 175788
64 177440
64 181157
64 194423
64 206624
64 206758
64 207359
64 208147
64 213808
64 219901
64 225079
64 225187
64 226479
64 233673
64 244079
