53 6142
53 7199
53 8085
53 8871
53 11754
53 12922
53 13021
53 14580
53 15434
50 528
50 2528
50 3484
50 3872
50 4862
50 4874
50 5546
50 7359
50 8156
50 8727
50 8993
50 9134
50 9877
50 10104
50 16792
50 16858
50 18264
50 19415
50 21369
50 22877
50 23595
50 29529
50 30291
50 30753
50 32611
65 684
65 1257
65 3201
65 3514
65 3614
65 5279
65 5330
65 6508
65 6540
65 7500
65 8521
65 8663
65 9022
65 9533
65 9635
65 9880
65 11186
65 11291
65 11873
65 12162
65 12329
65 13080
65 13925
65 14725
65 14852
65 15927
65 16256
65 16371
65 17284
65 18892
65 19486
65 20253
65 20688
65 20707
65 20757
65 20816
65 23076
65 26146
65 26783
65 27441
65 29162
65 29577
65 31387
65 31627
65 31841
65 34854
65 34864
65 35053
65 35192
65 36728
65 37043
65 39166
65 39446
65 39596
65 39912
65 41858
65 42088
65 42165
65 43563
65 44073
65 45348
65 45876
65 46736
65 47250
65 48167
65 49051
65 49266
65 49422
65 50267
57 1282
57 3434
57 4179
57 5459
57 5944
57 6397
57 7124
57 7490
57 8931
57 10523
57 10806
57 12152
57 15333
57 16949
57 17407
57 18859
57 19060
57 21660
57 21735
57 21747
57 24000
57 26302
57 27266
57 31008
57 31781
57 31886
57 32495
57 33348
57 33683
57 33998
57 34811
57 35804
57 38064
57 38421
57 40865
57 41565
57 41703
57 43096
57 44230
57 44954
57 49317
57 49653
57 52704
52 546
52 1018
52 2017
52 2111
52 2506
52 2882
52 3554
52 4422
52 8158
52 10306
52 12515
52 12559
52 14790
52 16853
52 19771
52 20171
52 20206
52 20915
52 22860
52 23205
52 24960
52 26449
52 26785
52 27589
52 29327
52 29491
52 32478
52 32550
52 32768
52 33407
52 34847
52 35285
52 35305
52 36991
52 37175
52 37281
52 37310
52 37568
52 37810
52 38429
52 38833
52 39258
52 40047
52 40607
52 41406
52 45100
52 46074
52 46556
52 47355
52 47932
52 50843
52 51942
52 53722
52 53853
52 61192
58 825
58 2629
58 2859
58 7390
58 7411
58 8637
58 10358
58 14285
58 14658
58 14769
58 18225
58 20654
58 21130
58 24840
58 25024
58 25331
58 28890
58 32926
58 33810
58 34688
58 36768
58 37053
58 37085
58 38532
58 39856
58 40853
58 41927
58 42253
58 43652
58 46271
58 48877
58 50337
58 50969
58 50991
58 51250
58 54251
58 54532
58 59953
58 60818
58 61155
58 61468
58 62330
58 66495
58 66634
58 70584
58 73649
58 73779
58 75516
58 75899
58 75939
58 76191
58 77744
58 78840
58 79226
58 82174
58 82651
58 84417
58 84494
58 84746
58 85342
58 85783
58 86221
58 87206
58 88021
58 89659
58 91090
58 94642
58 94678
58 95904
58 96712
58 97338
58 98683
58 98698
58 99189
58 99255
58 100279
58 100651
58 103559
58 104846
58 104935
58 108298
58 108424
58 110059
58 110698
58 111233
58 112705
58 113288
58 114340
58 115568
58 116928
58 117239
58 117562
58 117888
58 118197
58 121816
58 122152
58 122391
58 125475
58 128618
58 129660
58 132773
58 133753
58 134237
60 289
60 1856
60 1858
60 3644
60 4864
60 6173
60 6646
60 7385
60 7580
60 9409
60 9663
60 10539
60 10647
60 10722
60 12141
60 12289
60 12421
60 12758
60 13485
60 14275
60 15035
60 15479
60 16742
60 21043
60 22013
60 22792
60 25095
60 26816
60 27653
60 33030
60 34509
60 34602
60 35293
60 35469
60 36269
60 37506
60 37722
60 38257
60 40135
60 40224
60 40833
60 42199
60 45168
60 48076
60 48767
60 51541
60 53233
60 53735
60 55540
60 59147
60 60845
60 63612
60 63931
60 66971
60 68833
60 71981
60 72383
60 72824
60 73667
60 73832
60 74140
60 74232
60 75721
60 76135
60 77841
60 78017
60 79268
60 79742
60 80045
60 84687
60 85766
60 86820
60 87796
60 92062
60 92649
60 93523
60 94458
60 95854
60 97629
60 99109
60 102591
60 103575
60 103639
60 105945
60 111276
60 111878
60 113237
60 115898
60 116179
60 117516
60 118107
60 121679
60 122851
60 123459
60 124504
60 125917
60 126063
60 126537
60 128733
60 128981
60 130633
60 130666
60 131434
60 132204
60 133985
60 134386
60 135522
60 135547
60 136648
60 136902
60 137908
60 138002
60 138656
60 139140
56 488
56 925
56 1527
56 3596
56 4846
56 6438
56 6855
56 6979
56 7510
56 12142
56 12626
56 13392
56 14764
56 15732
56 16724
56 18592
56 18692
56 21814
56 21995
56 23285
56 24539
56 26374
56 26550
56 26865
56 26941
56 27327
56 28366
56 29256
56 29904
56 30134
56 31058
56 31970
56 36376
56 36760
56 37523
56 38792
56 38963
56 41427
56 43931
56 46555
56 46891
56 47597
56 48342
56 48946
56 49211
56 53469
56 54985
56 55274
56 55907
56 55924
56 55965
56 58987
56 59165
56 61500
56 66045
56 66278
56 70929
56 71965
56 72102
56 74427
56 76731
56 78357
56 78599
56 79080
56 79680
56 80423
56 80805
56 80867
56 84126
56 84515
56 85059
56 85793
56 86621
56 90241
56 90758
56 91055
56 92265
56 94288
56 97023
56 99572
56 106646
56 108515
56 108638
56 109741
56 113387
56 113514
56 114110
56 114789
56 115824
56 116875
56 117114
56 119516
56 120188
56 121426
56 121707
56 123952
56 126709
56 128420
56 132149
56 134522
56 134924
56 137394
56 138851
56 139545
56 140504
56 142460
56 142709
56 143462
56 146061
55 45
55 5553
55 8447
55 8607
55 9071
55 9169
55 9860
55 17884
55 19318
55 19416
55 21315
55 28433
55 28942
55 34986
55 35136
55 35557
55 38148
55 40902
55 41301
55 45309
55 46012
55 48252
55 49831
55 50911
55 52317
55 54764
55 56327
55 57412
55 57855
55 58272
55 59396
55 60353
55 61582
55 62708
55 63630
55 63635
55 63816
55 64628
55 65167
55 65333
55 65798
55 66146
55 66436
55 68441
55 70789
55 71892
55 73896
55 76009
55 77972
55 82799
55 83353
55 84428
55 87311
55 87948
55 92981
55 93284
55 94679
55 95266
55 96306
55 98311
55 100504
55 100960
55 102949
55 103572
55 105109
55 105987
55 108271
55 110058
55 111729
55 115728
55 115989
55 116813
55 117050
55 117080
55 117556
55 117939
55 118126
55 118598
55 118658
55 120554
55 120812
55 122965
55 127781
55 129457
55 130499
55 131558
55 132612
55 134056
55 134712
55 135197
55 138709
55 143443
55 146075
55 146707
55 146783
55 147417
55 148633
55 148773
59 570
59 2151
59 2672
59 3268
59 3934
59 3964
59 4025
59 5458
59 6216
59 8159
59 10145
59 11063
59 14016
59 14159
59 16676
59 17236
59 17593
59 19753
59 20588
59 23200
59 23282
59 23783
59 26725
59 27183
59 28466
59 29456
59 29944
59 30735
59 31072
59 33137
59 33657
59 33761
59 34153
59 34168
59 34183
59 34374
59 34612
59 35786
59 36367
59 40226
59 42489
59 43313
59 45758
59 46769
59 46831
59 47304
59 50093
59 51894
59 53101
59 54332
59 56176
59 57405
59 57646
59 61229
59 61781
59 65118
59 65544
59 66511
59 68382
59 69223
59 70719
59 72115
59 72910
59 73235
59 73281
59 76761
59 77072
59 78750
59 81944
59 82679
59 84286
59 85824
59 87784
59 90113
59 91192
59 91809
59 92925
59 93343
59 95323
59 97276
59 98903
59 99489
59 102066
59 106640
59 107873
59 110633
59 114643
59 120153
59 120578
59 120666
59 121812
59 122159
59 126095
59 126922
59 129356
59 134681
59 135403
59 136452
59 137446
59 138540
59 140405
59 141747
59 142582
59 143928
59 147134
59 149352
59 149729
59 151244
59 152031
59 152515
59 154118
59 154613
59 155896
61 601
61 755
61 4080
61 5599
61 11423
61 13404
61 16558
61 19080
61 19729
61 23642
61 23748
61 24107
61 24123
61 24762
61 24970
61 25168
61 26409
61 28028
61 28500
61 37584
61 38270
61 40264
61 44077
61 46056
61 46263
61 48821
61 52260
61 52741
61 54319
61 55850
61 56318
61 58832
61 59609
61 61247
61 62792
61 62837
61 64028
61 65331
61 66062
61 67218
61 73070
61 75049
61 75252
61 76018
61 76374
61 76507
61 76598
61 80217
61 80918
61 81244
61 81307
61 85687
61 85918
61 86282
61 86517
61 86572
61 87837
61 87935
61 88466
61 91306
61 92374
61 93637
61 93928
61 93994
61 95924
61 97555
61 99828
61 101276
61 105265
61 105852
61 107488
61 107699
61 108964
61 110292
61 117083
61 117619
61 117647
61 117666
61 120194
61 121177
61 121694
61 121916
61 123392
61 123595
61 127875
61 128681
61 129174
61 129267
61 129992
61 130959
61 132967
61 133634
61 135030
61 137611
61 140554
61 140951
61 142513
61 144503
61 145216
61 145819
61 146106
61 146561
61 147764
61 149413
61 149480
61 153190
61 154761
61 156280
61 158736
49 491
49 835
49 942
49 1680
49 3369
49 4128
49 8847
49 9490
49 9872
49 10560
49 14032
49 14159
49 14281
49 14594
49 15389
49 15511
49 16346
49 17840
49 21312
49 21929
49 22259
49 23284
49 23503
49 24311
49 25710
49 26113
49 26746
49 28221
49 29444
49 30081
49 32276
49 33669
49 34413
49 38771
49 40198
49 42440
49 42562
49 42770
49 43530
49 45022
49 46658
49 47609
49 48790
49 49342
49 50500
49 50514
49 50571
49 50674
49 55128
49 55662
49 55972
49 56508
49 57920
49 58063
49 60841
49 62739
49 63121
49 63326
49 63626
49 64473
49 64748
49 67300
49 69554
49 71314
49 71874
49 72498
49 73840
49 74169
49 74300
49 75062
49 76012
49 78027
49 78280
49 78936
49 80285
49 82998
49 83150
49 83630
49 88206
49 88496
49 88610
49 90569
49 91053
49 91673
49 92416
49 93118
49 95203
49 97157
49 97235
49 99548
49 101248
49 101435
49 102608
49 103057
49 105023
49 105286
49 105963
49 109576
49 111329
49 112804
49 114596
49 115801
49 117102
49 117152
49 118039
49 118107
49 119528
49 120585
49 122452
49 123766
49 125049
49 125568
49 127805
49 128588
49 130404
49 130623
49 131819
49 132933
49 134853
49 136100
49 136942
49 137235
49 140798
49 141799
49 143164
49 144240
49 144861
49 145119
49 148779
49 149269
49 149564
49 149965
49 150924
49 150982
49 151480
49 151554
49 151753
49 153089
49 156002
49 156895
49 159954
49 160042
49 160157
49 160302
49 160343
54 1741
54 1786
54 2355
54 2681
54 3076
54 6541
54 6658
54 8098
54 9704
54 10909
54 14593
54 15893
54 18169
54 18816
54 19090
54 19503
54 21063
54 22381
54 24932
54 28308
54 29724
54 32482
54 33347
54 33374
54 33705
54 34787
54 35409
54 35870
54 36371
54 37363
54 37390
54 37605
54 38101
54 39501
54 40438
54 42732
54 46213
54 47715
54 48094
54 48704
54 48940
54 50301
54 51581
54 57431
54 57664
54 57863
54 58006
54 59666
54 61835
54 62971
54 62982
54 63190
54 64179
54 66098
54 66519
54 67032
54 68101
54 68632
54 69205
54 71268
54 72004
54 73069
54 73688
54 76116
54 78062
54 79820
54 80811
54 83065
54 83206
54 83379
54 84842
54 85308
54 85759
54 86607
54 87075
54 88394
54 90768
54 92463
54 93411
54 94735
54 95712
54 96300
54 96376
54 99185
54 100196
54 100798
54 102460
54 102874
54 103696
54 105212
54 105811
54 106589
54 107676
54 107677
54 107739
54 108415
54 109855
54 111108
54 112485
54 114160
54 114552
54 116152
54 117648
54 118572
54 121543
54 121634
54 124295
54 125062
54 126419
54 126728
54 127206
54 130329
54 131932
54 132396
54 133962
54 134933
54 139899
54 140023
54 140223
54 141315
54 142642
54 142720
54 144685
54 145091
54 145222
54 145721
54 147080
54 151212
54 152050
54 152229
54 152451
54 152662
54 154422
54 154584
54 158283
54 158752
54 159545
54 160023
54 160127
54 163770
54 165671
54 165722
54 166353
54 166535
54 168702
54 168962
54 169522
51 2579
51 2654
51 5187
51 6262
51 6440
51 7755
51 8757
51 9748
51 10499
51 10871
51 11415
51 12696
51 12982
51 13278
51 13789
51 13858
51 14778
51 15052
51 17275
51 17973
51 18022
51 19488
51 20092
51 20929
51 21839
51 24521
51 27287
51 28224
51 28821
51 33333
51 33748
51 33770
51 34920
51 35050
51 37159
51 38448
51 40282
51 45021
51 45431
51 47319
51 47395
51 47486
51 47654
51 48295
51 48597
51 51547
51 51602
51 53907
51 54954
51 55073
51 57409
51 59885
51 61875
51 63791
51 64511
51 65711
51 66346
51 67538
51 70280
51 71651
51 73078
51 76202
51 77556
51 80994
51 81742
51 83669
51 85738
51 85882
51 89241
51 91270
51 92017
51 94239
51 97084
51 98673
51 99101
51 99175
51 99511
51 99631
51 102845
51 103111
51 106870
51 107794
51 108417
51 111522
51 113210
51 114318
51 117975
51 118231
51 119828
51 120823
51 121999
51 126858
51 127327
51 128781
51 130758
51 130824
51 130866
51 131822
51 132698
51 134359
51 134405
51 135045
51 135564
51 140890
51 141887
51 145599
51 147737
51 148871
51 149172
51 149259
51 149364
51 150683
51 150874
51 151509
51 153350
51 153815
51 154450
51 155163
51 155414
51 157592
51 159666
51 160063
51 163684
51 164181
51 166248
63 643
63 1225
63 1300
63 1675
63 3206
63 3773
63 8360
63 8563
63 11181
63 11652
63 14387
63 16041
63 17146
63 17744
63 18254
63 18721
63 19567
63 20025
63 20371
63 21131
63 21958
63 22034
63 22125
63 23415
63 24725
63 26601
63 29399
63 30410
63 32985
63 36514
63 36662
63 37925
63 38089
63 39334
63 40208
63 42935
63 43193
63 46251
63 49498
63 49870
63 50908
63 50934
63 51780
63 54430
63 56161
63 56628
63 57235
63 57532
63 59043
63 60020
63 60692
63 61320
63 63625
63 65601
63 67603
63 67722
63 67947
63 68368
63 68702
63 69105
63 70328
63 70880
63 73681
63 74572
63 75145
63 75275
63 76871
63 78529
63 80780
63 81253
63 81706
63 82020
63 82608
63 82619
63 83040
63 84371
63 85116
63 87203
63 87590
63 88184
63 88770
63 89630
63 92573
63 93887
63 94584
63 95632
63 96210
63 97974
63 99118
63 102375
63 102418
63 103302
63 104051
63 106949
63 108136
63 108805
63 111868
63 112229
63 113764
63 114000
63 114231
63 114276
63 115052
63 117083
63 119359
63 119867
63 120101
63 122101
63 123744
63 125154
63 126751
63 130201
63 130437
63 131056
63 131082
63 131222
63 131331
63 132229
63 133803
63 136743
63 142776
63 143613
63 144129
63 146416
63 146449
63 147170
63 149841
63 151967
63 153667
63 154554
63 155782
63 156008
63 157291
63 157653
63 157744
63 158843
63 158856
63 161634
63 162198
63 163704
63 164521
63 165993
63 166236
63 166676
63 167417
63 168251
63 169007
63 169531
63 171009
63 172061
63 173068
63 174901
63 174935
63 175094
63 175109
63 176637
63 177277
63 177298
63 177432
63 177477
63 186554
63 186680
63 186892
63 190545
63 190867
63 191016
63 191837
63 192515
63 193090
63 193376
63 193677
63 194775
63 195053
63 197619
63 197647
63 198411
63 200988
63 201352
63 202515
63 202716
63 203504
63 205645
63 206592
63 207442
63 211877
63 213048
63 213430
63 213537
63 215445
63 216029
63 217396
63 217995
63 218109
63 219223
64 2407
64 3314
64 4014
64 8181
64 9247
64 10188
64 10671
64 11471
64 11735
64 13141
64 14150
64 15977
64 18746
64 21891
64 22348
64 22354
64 24774
64 25165
64 25870
64 27723
64 27902
64 29839
64 30734
64 31244
64 32159
64 34481
64 35745
64 37870
64 40483
64 42773
64 44811
64 45890
64 47127
64 47693
64 49935
64 54773
64 56729
64 58560
64 62131
64 62757
64 63326
64 63384
64 64797
64 66139
64 67239
64 67385
64 67516
64 69516
64 69983
64 70227
64 70978
64 71300
64 73532
64 73684
64 74274
64 74671
64 77696
64 78122
64 78959
64 80157
64 80724
64 82504
64 82513
64 83206
64 83553
64 83676
64 83713
64 83716
64 83868
64 84136
64 84936
64 85998
64 86898
64 87440
64 88794
64 88948
64 89515
64 89645
64 90584
64 90819
64 91017
64 91084
64 94296
64 94641
64 94873
64 97129
64 97600
64 99032
64 101200
64 104372
64 104446
64 104636
64 105010
64 105328
64 105427
64 107408
64 108609
64 108672
64 110591
64 111427
64 111945
64 113944
64 114365
64 114913
64 116782
64 119897
64 120691
64 121630
64 122711
64 122903
64 124248
64 128651
64 129927
64 131564
64 134408
64 134663
64 134735
64 134819
64 135395
64 136570
64 136591
64 138741
64 140781
64 141863
64 143614
64 143628
64 143695
64 149990
64 150159
64 150700
64 153058
64 153184
64 153713
64 154748
64 155628
64 155916
64 156473
64 156504
64 156899
64 160275
64 161046
64 162876
64 162962
64 163083
64 163922
64 164742
64 166198
64 169364
64 169919
64 171242
64 172331
64 174223
64 175832
64 177790
64 178788
64 181798
64 183440
64 184706
64 184995
64 186668
64 189385
64 190517
64 192211
64 193301
64 193967
64 200189
64 203222
64 205978
64 206393
64 206838
64 208803
64 209153
64 209982
64 210697
64 211249
64 212724
64 214420
64 215836
64 216840
64 216866
64 217399
64 219528
64 220222
64 221623
64 222126
64 223456
64 223538
64 223941
64 224621
64 224948
64 225312
64 227008
64 227874
64 229480
64 229867
64 230098
64 230530
64 231476
64 232767
64 233021
64 235887
64 237392
64 237538
64 238583
64 241453
64 242496
64 243179
64 243760
64 246088
64 246956
64 247106
64 247860
64 248524
64 248806
64 249805
64 250288
64 251561
