53 19
53 510
53 1457
53 1592
53 1739
53 2316
53 5218
53 6214
53 7136
53 7636
53 7818
53 8471
53 8769
53 10335
53 12217
53 14381
50 1532
50 2267
50 2373
50 2588
50 3117
50 3220
50 3462
50 5828
50 6902
50 7155
50 7276
50 8490
50 8880
50 8921
50 9213
50 12900
50 13823
50 15206
50 16144
50 16639
50 16858
50 17160
50 17692
50 17772
50 17952
50 19141
50 19767
50 20234
50 20831
50 23092
50 23753
50 23892
50 24299
50 24329
50 24478
50 25017
50 25372
50 25463
50 26430
50 26576
50 28242
50 28731
65 167
65 881
65 1601
65 2128
65 3118
65 3454
65 3831
65 5641
65 6041
65 6540
65 7430
65 8865
65 9900
65 10655
65 11545
65 12158
65 12275
65 12697
65 13136
65 13941
65 14634
65 15134
65 15157
65 15298
65 15900
65 16349
65 16480
65 16932
65 17665
65 18253
65 18346
65 18448
65 18540
65 18990
65 19167
65 19367
65 19486
65 20424
65 20626
65 20916
65 20942
65 21000
65 21195
65 21756
65 22120
65 22325
65 22492
65 22754
65 23122
65 23370
65 23422
65 23671
65 24165
65 25877
65 26151
65 26215
65 26721
65 27855
65 29515
65 29652
65 30091
65 30509
65 31028
65 31157
65 35775
65 36282
65 36540
65 36642
65 36726
65 38338
65 38604
65 39400
65 41233
65 43853
65 43987
65 44091
65 44953
65 45486
65 45557
65 46699
65 48692
65 49393
65 50242
65 50381
57 2129
57 2251
57 3246
57 3413
57 4365
57 4700
57 5767
57 6069
57 8116
57 9074
57 9434
57 10948
57 12026
57 13815
57 14182
57 15679
57 16131
57 16497
57 16737
57 17063
57 17890
57 18088
57 18206
57 20698
57 22213
57 23468
57 23669
57 24065
57 24554
57 28547
57 28762
57 29453
57 30142
57 30947
57 31369
57 31410
57 31547
57 31827
57 32040
57 32883
57 34848
57 37283
57 37455
57 38063
57 38424
57 38482
57 38771
57 38861
57 39436
57 39640
57 40029
57 40221
57 41054
57 41931
57 42842
57 43993
57 44400
57 44592
57 44663
57 45467
57 45512
57 46526
57 47562
57 48279
57 49306
57 50256
57 50283
57 50425
57 51888
57 52018
57 52042
52 2566
52 4037
52 4924
52 5406
52 5703
52 5741
52 6096
52 7194
52 8158
52 8616
52 8823
52 9705
52 9864
52 10150
52 10331
52 10925
52 12911
52 12995
52 13130
52 13285
52 14350
52 14581
52 14896
52 15061
52 15509
52 17111
52 19013
52 19325
52 20333
52 22210
52 25317
52 25589
52 25717
52 30172
52 30770
52 31535
52 31633
52 32373
52 32780
52 33457
52 33544
52 33866
52 34218
52 36863
52 37810
52 38268
52 39274
52 40872
52 42663
52 44868
52 45040
52 45358
52 46811
52 49227
52 50997
52 53965
52 53981
52 55133
52 55317
52 55663
52 58549
52 59637
52 59638
52 61060
52 61353
52 61807
52 62133
52 62520
52 62547
52 63392
52 64031
52 66352
58 2521
58 2653
58 3286
58 3644
58 7889
58 9034
58 9609
58 10450
58 11605
58 11843
58 12029
58 12067
58 12571
58 14319
58 14475
58 14651
58 15884
58 16250
58 17058
58 17721
58 17751
58 18603
58 20269
58 20573
58 20704
58 22808
58 22847
58 23702
58 23719
58 23768
58 24076
58 24380
58 24658
58 25683
58 26142
58 26426
58 26914
58 27758
58 28113
58 28200
58 28419
58 29586
58 30452
58 30540
58 31269
58 31655
58 32943
58 33233
58 34408
58 34688
58 35790
58 36140
58 36774
58 39053
58 39157
58 40481
58 41180
58 41563
58 42393
58 42800
58 42876
58 42969
58 43622
58 43929
58 44390
58 44584
58 44929
58 44988
58 45286
58 46222
58 48815
58 50279
58 50676
58 50991
58 51276
58 51369
58 52924
58 53231
58 53459
58 54226
58 54424
58 54879
58 55248
58 56806
58 56984
58 57906
58 58138
58 58683
58 58935
58 60898
58 61689
58 62224
58 62445
58 63156
58 65172
58 65205
58 69019
58 71453
58 75068
58 75366
58 75809
58 75837
58 77837
58 77914
58 78313
58 79032
58 80678
58 80810
58 81787
58 82174
58 82960
58 83064
58 84609
58 84637
58 84861
58 86976
58 87446
58 88465
58 88573
58 89074
58 89676
58 92489
58 93530
58 95306
58 95687
58 95808
58 96543
58 96695
58 97394
58 98448
58 98500
58 98530
58 98687
58 98731
58 98950
58 101311
58 101500
58 101533
58 102584
58 103559
58 103834
58 104154
58 104354
58 104857
58 105055
58 105507
58 107632
58 108324
58 109545
58 110758
58 111476
58 112938
58 113125
58 113590
58 113751
58 116122
58 117794
58 118443
58 118942
58 119262
58 119520
58 119548
58 122010
58 123551
58 124437
58 124771
58 124775
58 127838
58 128346
58 128838
58 130200
58 130580
58 131867
58 131937
58 132264
58 132993
60 339
60 592
60 756
60 899
60 1383
60 1624
60 2288
60 2821
60 2926
60 3576
60 5491
60 6951
60 9729
60 9795
60 10128
60 10189
60 11371
60 12823
60 13248
60 13547
60 15311
60 17938
60 18552
60 18815
60 20165
60 20377
60 20727
60 22911
60 24122
60 24617
60 25964
60 26602
60 26801
60 27173
60 27760
60 28008
60 28015
60 30080
60 30217
60 30420
60 30662
60 30793
60 31696
60 33015
60 33084
60 33354
60 36289
60 36559
60 36704
60 36943
60 37401
60 38650
60 38705
60 39878
60 40385
60 41196
60 41234
60 41588
60 42500
60 43444
60 44201
60 44515
60 47678
60 49296
60 49547
60 52071
60 52373
60 56141
60 56733
60 57823
60 58404
60 60770
60 60804
60 61521
60 62310
60 64084
60 64111
60 64652
60 64699
60 64847
60 65800
60 66378
60 68755
60 70716
60 71645
60 71847
60 72274
60 72660
60 73154
60 73195
60 73982
60 75144
60 75858
60 76765
60 77828
60 78684
60 79722
60 80302
60 81707
60 81744
60 82734
60 83390
60 85814
60 86092
60 88143
60 88309
60 88929
60 89254
60 89660
60 93144
60 93782
60 98039
60 98619
60 98799
60 98835
60 99772
60 100512
60 101861
60 101985
60 105680
60 106964
60 107265
60 108957
60 109732
60 111436
60 111897
60 113657
60 113907
60 115420
60 115847
60 116031
60 116832
60 118132
60 118534
60 118890
60 118901
60 119078
60 119161
60 119583
60 120658
60 120801
60 120997
60 122624
60 122717
60 124188
60 126619
60 126794
60 126797
60 128392
60 128773
60 129027
60 129337
60 129708
60 130666
60 131114
60 131584
60 131788
60 132269
60 132870
60 133025
60 133057
60 135238
60 135863
60 135866
56 133
56 489
56 1265
56 1716
56 2668
56 2999
56 3230
56 4988
56 6087
56 6438
56 7124
56 8012
56 9379
56 12588
56 13019
56 13111
56 13259
56 13599
56 14824
56 14959
56 15574
56 15913
56 17278
56 17526
56 18008
56 21714
56 24479
56 24579
56 24922
56 25789
56 27838
56 28666
56 29860
56 30269
56 30869
56 33094
56 33291
56 34060
56 34158
56 34220
56 35368
56 36118
56 37392
56 38614
56 39125
56 39960
56 40136
56 41784
56 41980
56 44962
56 45263
56 46447
56 47814
56 48034
56 48442
56 50058
56 51378
56 52432
56 52981
56 53461
56 55185
56 55889
56 55947
56 57986
56 58873
56 60800
56 61442
56 63026
56 63414
56 63704
56 64644
56 64923
56 65700
56 66852
56 67287
56 67494
56 68226
56 68899
56 69505
56 70157
56 71741
56 71776
56 72046
56 73597
56 73801
56 74547
56 76735
56 76778
56 77544
56 78530
56 78744
56 80088
56 81245
56 81911
56 81961
56 82012
56 82570
56 82842
56 84827
56 86241
56 86393
56 87382
56 87559
56 88689
56 88804
56 89310
56 91551
56 91606
56 93358
56 96726
56 96856
56 97322
56 97931
56 98193
56 98568
56 100987
56 104903
56 106104
56 106610
56 107080
56 107372
56 107955
56 109297
56 109826
56 110936
56 113388
56 113653
56 114645
56 115768
56 115853
56 117123
56 117361
56 117504
56 117893
56 118618
56 118822
56 118983
56 119987
56 120148
56 120559
56 121094
56 122154
56 122679
56 123016
56 123038
56 124317
56 124823
56 125657
56 126724
56 127330
56 128565
56 130803
56 132129
56 132280
56 133027
56 133162
56 134491
56 136063
56 136693
56 136710
56 137842
56 137962
56 138740
56 139190
56 139244
56 139433
56 139759
56 140234
56 140715
56 142098
56 142351
56 143191
56 143577
56 144129
56 144166
56 144869
56 146300
56 146580
56 146590
56 146700
56 146972
56 147403
56 147410
56 147978
56 148851
55 260
55 358
55 1413
55 2189
55 2625
55 6574
55 6996
55 8439
55 11055
55 11189
55 12364
55 12883
55 13725
55 13844
55 14375
55 16649
55 17295
55 18261
55 18326
55 18987
55 19045
55 19254
55 19480
55 20369
55 22114
55 23792
55 24412
55 25954
55 27760
55 28060
55 28794
55 30424
55 31957
55 33475
55 33917
55 34202
55 34986
55 35096
55 35259
55 35530
55 36399
55 37921
55 38863
55 38881
55 39038
55 39323
55 41582
55 41843
55 41993
55 42170
55 42322
55 42562
55 43007
55 44627
55 45065
55 45342
55 45805
55 45880
55 46380
55 48660
55 49091
55 49266
55 50045
55 51656
55 52308
55 52604
55 54041
55 54516
55 55065
55 55212
55 55271
55 55506
55 55717
55 55785
55 56082
55 57802
55 58989
55 59896
55 59996
55 60249
55 61973
55 62289
55 63037
55 63506
55 63958
55 64339
55 68633
55 69081
55 69245
55 69316
55 70177
55 72334
55 72491
55 74175
55 74365
55 75626
55 76396
55 76846
55 77341
55 77874
55 78124
55 78451
55 78642
55 79370
55 80496
55 82007
55 82563
55 83015
55 83061
55 83208
55 83958
55 84729
55 86153
55 86454
55 89115
55 89569
55 90071
55 91278
55 92299
55 92557
55 92811
55 93282
55 94083
55 94393
55 94830
55 96130
55 96161
55 96344
55 96483
55 97544
55 98313
55 98477
55 98793
55 98845
55 99759
55 100607
55 100746
55 101160
55 102894
55 103183
55 103611
55 104890
55 105428
55 105551
55 106754
55 107430
55 109230
55 111191
55 112094
55 112170
55 113802
55 114339
55 114458
55 114961
55 115575
55 116673
55 118834
55 120812
55 121645
55 122105
55 123547
55 123606
55 124494
55 124653
55 125826
55 126898
55 128446
55 128773
55 130026
55 130978
55 131107
55 131391
55 132247
55 133445
55 134277
55 135665
55 136902
55 137557
55 138518
55 138706
55 139412
55 140658
55 144634
55 145426
55 147029
55 147416
55 147549
55 148054
55 148248
55 148290
55 149516
59 459
59 836
59 1593
59 2819
59 4085
59 4475
59 6682
59 7478
59 8456
59 9823
59 9842
59 10623
59 11043
59 13203
59 13381
59 13864
59 17426
59 18932
59 19770
59 20425
59 21556
59 21649
59 21737
59 21815
59 23021
59 23160
59 23281
59 23719
59 23893
59 26033
59 26942
59 27041
59 29316
59 29329
59 30120
59 30543
59 30694
59 31320
59 34149
59 35766
59 36294
59 37386
59 38734
59 38742
59 39929
59 39941
59 40026
59 41032
59 41930
59 43418
59 44414
59 44748
59 45195
59 47460
59 49717
59 50686
59 51655
59 53061
59 54672
59 55927
59 56475
59 56609
59 56850
59 56914
59 57253
59 57520
59 57676
59 58383
59 59989
59 60053
59 60499
59 61096
59 61843
59 62863
59 62952
59 63177
59 64882
59 65040
59 65758
59 65821
59 66368
59 66986
59 67354
59 70375
59 72831
59 73150
59 73513
59 73870
59 74834
59 76000
59 76058
59 79898
59 79946
59 81298
59 81461
59 82095
59 84164
59 84674
59 84917
59 85172
59 86089
59 86156
59 86622
59 86672
59 86807
59 87269
59 87727
59 88506
59 88667
59 90715
59 91435
59 92361
59 92394
59 94451
59 95113
59 95936
59 97000
59 99221
59 99527
59 99798
59 99950
59 101819
59 102340
59 102959
59 104228
59 104540
59 104722
59 106960
59 107006
59 107408
59 107550
59 108408
59 109284
59 110052
59 110708
59 110786
59 111243
59 112528
59 112901
59 114704
59 116320
59 116429
59 120671
59 121575
59 121729
59 123211
59 124422
59 124612
59 127320
59 128053
59 128845
59 129763
59 130275
59 133625
59 133681
59 133695
59 134573
59 134929
59 134932
59 135112
59 135291
59 136271
59 136713
59 136719
59 136843
59 137471
59 138079
59 138300
59 138388
59 139001
59 139339
59 139521
59 141375
59 141386
59 142444
59 145271
59 145859
59 146504
59 148512
59 149454
59 152464
59 152921
59 152967
59 153022
59 153067
59 153112
59 153586
59 154591
59 154811
59 155185
59 156081
61 143
61 376
61 601
61 755
61 1016
61 1368
61 1801
61 1944
61 2334
61 2484
61 2695
61 2709
61 3089
61 4073
61 5882
61 7635
61 8132
61 8167
61 8257
61 8754
61 9279
61 9568
61 10854
61 13081
61 13441
61 14293
61 14296
61 16211
61 16296
61 16626
61 18136
61 18437
61 18935
61 19709
61 20601
61 20832
61 21516
61 21981
61 22892
61 23571
61 23934
61 24716
61 24921
61 25738
61 26392
61 27492
61 27685
61 30010
61 33007
61 33892
61 34335
61 34520
61 34746
61 36651
61 38633
61 39497
61 40422
61 41491
61 41570
61 43379
61 44040
61 44160
61 44299
61 44701
61 45395
61 46044
61 46790
61 48164
61 48221
61 49837
61 49943
61 50787
61 50910
61 51374
61 53333
61 54792
61 56994
61 57615
61 59304
61 59589
61 59758
61 60301
61 60555
61 60747
61 61275
61 61291
61 62152
61 62266
61 62403
61 63114
61 63233
61 65387
61 65820
61 66395
61 66677
61 67021
61 68050
61 69490
61 69968
61 70021
61 70463
61 70546
61 72950
61 73359
61 73386
61 74303
61 74623
61 74885
61 75154
61 76020
61 76027
61 76100
61 77726
61 77821
61 80046
61 80780
61 84342
61 84886
61 85073
61 85513
61 85876
61 86341
61 86812
61 88579
61 89268
61 89840
61 89925
61 90496
61 90949
61 91277
61 91428
61 91656
61 93008
61 94479
61 95928
61 96058
61 96064
61 96880
61 97244
61 97270
61 97463
61 99150
61 100181
61 101511
61 102128
61 104374
61 106139
61 106186
61 106369
61 107110
61 107588
61 107982
61 108198
61 109518
61 110464
61 110722
61 110784
61 112083
61 112804
61 113189
61 113480
61 113484
61 115011
61 115269
61 116442
61 116564
61 118109
61 118317
61 118503
61 119492
61 120156
61 120248
61 121264
61 122073
61 122374
61 122668
61 123360
61 124210
61 124526
61 124614
61 125570
61 126729
61 127202
61 127875
61 128435
61 128520
61 129596
61 129963
61 130959
61 132949
61 133049
61 133057
61 133553
61 134465
61 134486
61 134547
61 137009
61 138173
61 140049
61 142380
61 142726
61 143243
61 143575
61 144128
61 147984
61 148107
61 148255
61 149359
61 149960
61 150161
61 150279
61 150791
61 152114
61 152291
61 154638
61 154698
61 155989
61 158458
61 158736
61 158767
61 159801
61 160090
61 160388
61 161247
61 162167
61 163257
49 1954
49 2240
49 2693
49 3501
49 3826
49 5069
49 5292
49 6776
49 6964
49 7047
49 7515
49 7644
49 8195
49 9029
49 9214
49 10828
49 12841
49 13571
49 13794
49 14184
49 14535
49 14769
49 14891
49 15067
49 16257
49 18496
49 18587
49 18769
49 19745
49 20972
49 21492
49 21775
49 23969
49 24285
49 24846
49 25329
49 26362
49 26563
49 26645
49 27904
49 29343
49 29473
49 30549
49 31543
49 31550
49 32161
49 32204
49 33383
49 34637
49 35175
49 35935
49 36344
49 37533
49 41441
49 42416
49 42440
49 43454
49 44157
49 44515
49 44871
49 45047
49 45176
49 46967
49 47616
49 48299
49 48851
49 49373
49 49891
49 50517
49 50714
49 51696
49 52867
49 54267
49 54786
49 54979
49 55086
49 55087
49 55866
49 55961
49 56067
49 56208
49 56698
49 57499
49 57763
49 57782
49 58888
49 59113
49 59501
49 60065
49 60092
49 61235
49 61291
49 61911
49 63048
49 63682
49 63956
49 65815
49 69023
49 69128
49 69697
49 70241
49 70739
49 70817
49 72004
49 72884
49 73277
49 73433
49 75199
49 76074
49 76182
49 76191
49 76538
49 77119
49 78168
49 79142
49 79293
49 80478
49 80714
49 81045
49 81734
49 83350
49 83970
49 84134
49 84139
49 84385
49 85443
49 86931
49 87988
49 88090
49 88612
49 89250
49 90333
49 90470
49 90522
49 90726
49 91238
49 91818
49 92101
49 92228
49 92406
49 93323
49 93503
49 93935
49 95049
49 95964
49 96213
49 96242
49 96486
49 96989
49 98699
49 99779
49 99841
49 101733
49 101749
49 103432
49 104697
49 106481
49 106729
49 108801
49 108878
49 109373
49 110386
49 111146
49 111873
49 112499
49 116666
49 119427
49 120086
49 120690
49 121959
49 122473
49 122852
49 122863
49 123039
49 124657
49 124912
49 129202
49 129559
49 129736
49 129987
49 131428
49 133884
49 133928
49 135336
49 135623
49 135929
49 135961
49 137109
49 137587
49 138052
49 138095
49 138888
49 141419
49 141768
49 142457
49 143091
49 143488
49 144305
49 144315
49 145773
49 145880
49 146387
49 146406
49 147028
49 148133
49 148293
49 148751
49 148826
49 149303
49 149839
49 149889
49 150070
49 150952
49 151325
49 152170
49 152289
49 152904
49 153790
49 155489
49 155753
49 155880
49 157128
49 157482
49 157678
49 158106
49 158460
49 158741
49 159660
54 1195
54 2781
54 3240
54 3821
54 3860
54 4750
54 4768
54 5356
54 6175
54 8088
54 9160
54 9261
54 9317
54 9553
54 10337
54 12942
54 13643
54 13867
54 14403
54 15634
54 15749
54 15824
54 17442
54 17463
54 19780
54 19889
54 20033
54 20223
54 20242
54 21943
54 22058
54 22125
54 22557
54 22628
54 23218
54 23549
54 23726
54 25829
54 26629
54 27544
54 27898
54 28092
54 29482
54 31112
54 31802
54 33035
54 35851
54 36485
54 37904
54 39075
54 39824
54 40950
54 41151
54 41856
54 41870
54 42790
54 44810
54 45475
54 47127
54 48918
54 49987
54 50013
54 50726
54 50792
54 51016
54 51587
54 53147
54 56245
54 56506
54 56763
54 57027
54 60023
54 60446
54 60800
54 61254
54 61429
54 62131
54 65285
54 65629
54 65657
54 68257
54 68953
54 69006
54 69203
54 69633
54 69698
54 70678
54 71057
54 71408
54 72083
54 72417
54 72772
54 72788
54 74574
54 75303
54 76284
54 77119
54 77218
54 77744
54 78025
54 78487
54 78590
54 79145
54 79405
54 80127
54 80405
54 80855
54 81267
54 83163
54 83682
54 85847
54 86515
54 86857
54 86948
54 88084
54 89241
54 92159
54 92533
54 92666
54 92935
54 95654
54 96550
54 96567
54 97357
54 97993
54 98607
54 99315
54 99768
54 100457
54 101701
54 102271
54 102573
54 103133
54 104325
54 104477
54 105676
54 106426
54 107422
54 107908
54 109499
54 111950
54 112012
54 112159
54 112505
54 113293
54 113938
54 114249
54 114304
54 114995
54 115039
54 115324
54 115548
54 115902
54 116180
54 117101
54 119976
54 120728
54 121504
54 122547
54 122829
54 123969
54 125291
54 125767
54 125782
54 126346
54 127242
54 127319
54 127829
54 128193
54 131305
54 131425
54 132566
54 132617
54 132976
54 133339
54 133585
54 133609
54 134272
54 135505
54 135740
54 136255
54 137065
54 137196
54 137587
54 137754
54 138120
54 138301
54 139398
54 141315
54 141340
54 142831
54 142877
54 144060
54 145433
54 147598
54 148480
54 148850
54 148895
54 149195
54 149580
54 150459
54 150660
54 151109
54 151549
54 153067
54 153293
54 153344
54 155962
54 156392
54 157353
54 158701
54 159125
54 160479
54 161151
54 161424
54 161976
54 162580
54 164250
54 164857
54 165252
54 167859
51 314
51 2591
51 3404
51 3438
51 3704
51 3767
51 4123
51 4545
51 5576
51 6061
51 6700
51 8412
51 10225
51 11357
51 12966
51 13722
51 14155
51 15982
51 16415
51 16681
51 19749
51 20665
51 21452
51 22587
51 24144
51 24574
51 24671
51 25096
51 25847
51 28821
51 30346
51 31165
51 32213
51 32353
51 32660
51 33363
51 34109
51 34884
51 39623
51 39787
51 39980
51 40432
51 40595
51 40883
51 41276
51 41424
51 42530
51 42865
51 42876
51 42894
51 43907
51 45506
51 46147
51 46212
51 47654
51 47717
51 48199
51 48712
51 49863
51 49882
51 50945
51 51028
51 52343
51 53146
51 54357
51 54515
51 55887
51 57822
51 58526
51 59242
51 60599
51 60878
51 61810
51 62156
51 62264
51 62833
51 63257
51 67275
51 68167
51 69596
51 70372
51 70983
51 71916
51 72878
51 74446
51 74701
51 74768
51 76384
51 77092
51 77334
51 77339
51 77386
51 78424
51 78464
51 80117
51 82080
51 82543
51 84510
51 85232
51 85234
51 85316
51 86522
51 86859
51 89927
51 89986
51 90278
51 90370
51 90789
51 92192
51 92769
51 93561
51 94446
51 95417
51 95987
51 96295
51 96617
51 97089
51 97449
51 97479
51 98088
51 98821
51 101330
51 102416
51 104064
51 104756
51 104964
51 106016
51 106439
51 106743
51 107141
51 107524
51 107721
51 108100
51 108375
51 108417
51 109425
51 110742
51 112513
51 113499
51 113660
51 113927
51 115368
51 117132
51 118568
51 120238
51 121168
51 121514
51 121561
51 122784
51 123416
51 123494
51 123520
51 125845
51 126208
51 127825
51 128292
51 128366
51 130446
51 130847
51 132236
51 133299
51 135449
51 136388
51 137815
51 138677
51 138875
51 139170
51 139379
51 141183
51 141871
51 142400
51 142962
51 143057
51 144593
51 146057
51 146619
51 146674
51 147664
51 147875
51 148034
51 149172
51 150272
51 150507
51 150800
51 150925
51 151181
51 151901
51 152899
51 153289
51 153815
51 155174
51 155857
51 156858
51 158960
51 159031
51 160741
51 161780
51 161792
51 161989
51 162113
51 162450
51 163198
51 164016
51 164324
51 164613
51 165442
51 165652
51 165827
63 654
63 2591
63 3308
63 3475
63 3508
63 3598
63 4169
63 4471
63 4772
63 4797
63 6174
63 7478
63 7921
63 8533
63 9400
63 9630
63 9640
63 9711
63 10037
63 10199
63 10325
63 10706
63 11067
63 11691
63 11919
63 12553
63 13589
63 13679
63 14182
63 14518
63 14815
63 15222
63 15502
63 15651
63 15824
63 16461
63 17766
63 19112
63 19909
63 20316
63 20577
63 20684
63 20766
63 20960
63 21531
63 22159
63 22542
63 23724
63 24111
63 24658
63 24803
63 25929
63 26370
63 26624
63 26625
63 27143
63 27424
63 28257
63 28266
63 28468
63 28758
63 29332
63 29393
63 29737
63 30325
63 31466
63 31606
63 31794
63 32350
63 32557
63 34114
63 34308
63 35444
63 35674
63 35874
63 37762
63 38126
63 39116
63 39453
63 40042
63 41071
63 44094
63 44692
63 45681
63 46034
63 47076
63 47829
63 48768
63 48958
63 49006
63 50014
63 50502
63 50644
63 51559
63 52240
63 52295
63 52351
63 53953
63 54354
63 55543
63 56056
63 56276
63 56761
63 57502
63 58579
63 59061
63 59556
63 60757
63 61526
63 61765
63 61770
63 61780
63 61946
63 63992
63 64087
63 64145
63 64652
63 64683
63 64799
63 64805
63 65002
63 65391
63 65995
63 66525
63 68722
63 69288
63 69315
63 69474
63 70334
63 70999
63 71209
63 73082
63 73193
63 73404
63 73805
63 75060
63 75946
63 76698
63 77469
63 77582
63 78049
63 78843
63 78892
63 79780
63 83488
63 83601
63 84358
63 84600
63 84840
63 85366
63 85568
63 85950
63 85988
63 87285
63 87694
63 88404
63 88676
63 88997
63 89825
63 90249
63 90722
63 90959
63 92997
63 93654
63 94155
63 94269
63 94565
63 97048
63 97723
63 98104
63 99924
63 100051
63 100745
63 102033
63 102634
63 103010
63 104464
63 105044
63 105186
63 105215
63 106760
63 108934
63 109570
63 111620
63 111980
63 113099
63 113330
63 113424
63 114113
63 114316
63 115623
63 116506
63 116897
63 117280
63 118045
63 118408
63 118692
63 119367
63 120259
63 120526
63 121031
63 121352
63 121549
63 122101
63 122256
63 123605
63 124022
63 124317
63 125021
63 127330
63 128286
63 128909
63 129204
63 129268
63 129907
63 130459
63 131903
63 134701
63 134924
63 135106
63 135585
63 135976
63 136480
63 136537
63 136893
63 137784
63 137842
63 139152
63 139245
63 141032
63 141253
63 142015
63 142272
63 143335
63 143949
63 145309
63 145548
63 146083
63 147148
63 147362
63 147803
63 148175
63 148732
63 148995
63 149487
63 149547
63 151405
63 152408
63 153215
63 154127
63 155293
63 156079
63 157801
63 158685
63 159127
63 160771
63 163812
63 164252
63 164329
63 164424
63 164456
63 165553
63 166669
63 167306
63 167617
63 168097
63 168359
63 168616
63 169526
63 169548
63 171009
63 171194
63 171538
63 171566
63 171666
63 172745
63 172779
63 175053
63 175342
63 175853
63 175999
63 176830
63 176874
63 177162
63 177480
63 177856
63 178291
63 178786
63 178963
63 179709
63 180992
63 181028
63 181608
63 181765
63 182025
63 182153
63 182165
63 182279
63 182308
63 182322
63 183178
63 183388
63 183794
63 183860
63 184247
63 184437
63 184461
63 184519
63 184823
63 185105
63 185322
63 186792
63 189156
63 189269
63 189562
63 190250
63 191163
63 193299
63 193587
63 193889
63 195412
63 195594
63 196203
63 196277
63 196738
63 198914
63 198992
63 199342
63 200739
63 200908
63 201175
63 201313
63 202954
63 203915
63 204575
63 204737
63 205171
63 205173
63 206245
63 206773
63 208131
63 208352
63 208699
63 209073
63 209913
63 210313
63 210509
63 211495
63 212293
63 213930
63 216433
63 217053
63 217647
63 217722
63 218064
63 218575
64 211
64 641
64 1663
64 3595
64 4209
64 5327
64 5618
64 5703
64 6298
64 7110
64 7120
64 7329
64 8458
64 8697
64 10647
64 10725
64 11554
64 11735
64 12088
64 13507
64 13584
64 13738
64 14095
64 15465
64 16811
64 17027
64 17087
64 17254
64 17811
64 18139
64 18389
64 19261
64 20700
64 21368
64 21675
64 22213
64 22546
64 22674
64 22721
64 22809
64 23429
64 24903
64 25679
64 25995
64 28099
64 29227
64 31894
64 32003
64 32069
64 33068
64 33641
64 33676
64 34939
64 35231
64 35652
64 37819
64 38146
64 40604
64 42084
64 42313
64 42630
64 42782
64 43993
64 45027
64 45140
64 45411
64 45961
64 48327
64 48348
64 49374
64 49521
64 49935
64 51582
64 51743
64 52152
64 52474
64 52503
64 54571
64 55101
64 55702
64 55797
64 56325
64 57165
64 57303
64 57479
64 57753
64 58098
64 58919
64 59714
64 60995
64 61092
64 61842
64 62217
64 62472
64 62674
64 62842
64 63440
64 64605
64 64740
64 65299
64 65559
64 66017
64 66176
64 66384
64 67049
64 67107
64 67295
64 70213
64 70748
64 70792
64 71626
64 72556
64 73684
64 75507
64 77283
64 77358
64 77575
64 78062
64 78199
64 78239
64 79927
64 80179
64 80241
64 80354
64 80498
64 81828
64 82134
64 83375
64 83646
64 85838
64 86368
64 86608
64 88120
64 88667
64 88788
64 89320
64 89455
64 89645
64 90750
64 91245
64 92595
64 94486
64 94550
64 94641
64 95514
64 95643
64 97083
64 97228
64 97408
64 97920
64 98139
64 99086
64 99219
64 101935
64 102783
64 102828
64 104565
64 105888
64 106431
64 107752
64 108020
64 109087
64 109242
64 109561
64 109669
64 110009
64 110379
64 110810
64 111091
64 112340
64 112411
64 112547
64 112661
64 114397
64 114968
64 115095
64 115174
64 115444
64 118283
64 118912
64 118949
64 119328
64 120448
64 120846
64 122126
64 122816
64 123125
64 125118
64 125412
64 126067
64 126171
64 126632
64 127263
64 127378
64 128412
64 130146
64 134491
64 134929
64 136279
64 136355
64 136418
64 136914
64 137092
64 137095
64 137171
64 137609
64 138280
64 138556
64 140781
64 142332
64 142454
64 142946
64 143215
64 145196
64 145606
64 145609
64 146618
64 147486
64 147505
64 148347
64 149534
64 150155
64 150335
64 150543
64 151495
64 152506
64 152841
64 153558
64 154075
64 154316
64 154788
64 155033
64 156382
64 156797
64 157065
64 157506
64 159587
64 162994
64 163895
64 164742
64 165832
64 166284
64 166332
64 166507
64 169180
64 169565
64 169618
64 170703
64 170789
64 171317
64 173279
64 173342
64 173555
64 174326
64 175332
64 175409
64 175943
64 176361
64 178132
64 178545
64 178657
64 178959
64 179061
64 179106
64 180187
64 180485
64 180611
64 180897
64 181150
64 181411
64 181414
64 181512
64 182087
64 182162
64 182260
64 182625
64 183177
64 184517
64 186822
64 186965
64 187932
64 188041
64 188938
64 189200
64 191315
64 191578
64 192111
64 192739
64 193248
64 193631
64 193829
64 193866
64 194141
64 195549
64 197493
64 197609
64 197781
64 197872
64 197929
64 197942
64 198238
64 198724
64 199688
64 199744
64 200124
64 200189
64 200222
64 200410
64 201389
64 201838
64 202064
64 202586
64 202894
64 203331
64 203421
64 204537
64 205670
64 205704
64 206327
64 207012
64 207545
64 208731
64 208893
64 209608
64 211952
64 212600
64 212760
64 212856
64 213314
64 214215
64 214591
64 215280
64 216967
64 217283
64 217420
64 217429
64 217860
64 218128
64 218489
64 220372
64 221300
64 222950
64 223274
64 223291
64 223853
64 224199
64 225296
64 225675
64 225784
64 226450
64 226718
64 227443
64 228559
64 229052
64 229139
64 229502
64 229534
64 230964
64 231484
64 231747
64 232201
64 232274
64 232954
64 233371
64 233892
64 234048
64 235222
64 235765
64 235914
64 236100
64 236279
64 236736
64 237059
64 237161
64 237954
64 239803
64 239885
64 239979
64 240182
64 240770
64 242419
64 243257
64 243280
64 245662
64 246602
64 247639
64 247759
64 248242
64 248454
64 249330
64 249685
64 250191
64 251933
