53 190
53 267
53 281
53 374
53 1046
53 1099
53 1298
53 1334
53 1968
53 2244
53 2287
53 2573
53 2621
53 2767
53 2872
53 3187
53 5161
53 5342
53 5373
53 5427
53 5582
53 5873
53 6152
53 6484
53 6853
53 7151
53 7554
53 7705
53 7781
53 8087
53 8269
53 8336
53 8746
53 8850
53 8855
53 8860
53 9854
53 10075
53 10654
53 10890
53 11252
53 11298
53 11679
53 11709
53 11972
53 11994
53 12207
53 12304
53 12431
53 12458
53 13059
53 13134
53 13498
53 13638
53 13731
53 13902
53 14259
53 14471
53 14815
53 14849
53 14919
53 14934
53 15159
53 15555
53 15666
53 16018
53 16281
53 16319
53 16926
50 282
50 741
50 1201
50 1609
50 1865
50 2039
50 2105
50 2517
50 2948
50 3277
50 3505
50 3847
50 3960
50 4164
50 4494
50 4635
50 4877
50 5336
50 5825
50 6067
50 6245
50 6403
50 6515
50 6542
50 7177
50 7386
50 7649
50 8232
50 8430
50 9417
50 9736
50 10090
50 10146
50 10217
50 10299
50 10407
50 10778
50 11246
50 11253
50 11393
50 11684
50 11926
50 12416
50 13002
50 13426
50 13604
50 13641
50 13790
50 13930
50 14005
50 14328
50 14335
50 15068
50 15770
50 16334
50 16367
50 16515
50 16737
50 17775
50 17820
50 18162
50 18328
50 19017
50 19613
50 19895
50 20474
50 20570
50 20768
50 21003
50 21234
50 21363
50 21559
50 21632
50 21955
50 21982
50 22108
50 22726
50 23134
50 23226
50 23441
50 23557
50 23631
50 23858
50 24144
50 24566
50 24618
50 25314
50 25468
50 26047
50 26213
50 26533
50 26605
50 27052
50 27126
50 27413
50 27590
50 28011
50 28568
50 28705
50 28762
50 28872
50 29302
50 29325
50 29629
50 29903
50 30521
50 30616
50 30673
50 30743
50 30875
50 31044
50 31277
50 31374
50 31541
50 31688
50 31801
50 32204
50 32537
65 132
65 472
65 1087
65 1125
65 2192
65 2768
65 3527
65 3585
65 3600
65 4255
65 4369
65 4593
65 4595
65 5336
65 5930
65 6216
65 7249
65 7387
65 7494
65 7731
65 7859
65 7926
65 8043
65 8054
65 8360
65 8583
65 8795
65 8839
65 8860
65 9135
65 9605
65 9823
65 9933
65 10193
65 10418
65 11019
65 11047
65 11100
65 11529
65 11774
65 12376
65 12423
65 12467
65 12613
65 12621
65 13015
65 13180
65 13309
65 13473
65 14591
65 14684
65 14685
65 14687
65 14740
65 15055
65 15076
65 15095
65 15757
65 15940
65 16078
65 16694
65 17015
65 17027
65 17085
65 17391
65 17451
65 17653
65 17936
65 18295
65 18749
65 18886
65 18939
65 18972
65 19026
65 19572
65 19805
65 19879
65 20058
65 20063
65 20640
65 20973
65 21180
65 21353
65 21497
65 21674
65 21713
65 22034
65 22124
65 22154
65 22244
65 22314
65 22476
65 22607
65 22793
65 22869
65 22870
65 23046
65 23088
65 23611
65 23652
65 23946
65 24216
65 24291
65 24564
65 24656
65 24817
65 25404
65 25414
65 26001
65 27016
65 27326
65 27682
65 29182
65 29240
65 29248
65 29364
65 29513
65 29684
65 29741
65 30294
65 30778
65 31687
65 32206
65 32333
65 32463
65 32905
65 32932
65 33139
65 33452
65 34068
65 34217
65 34367
65 34957
65 34960
65 35024
65 35060
65 35220
65 35261
65 35531
65 35563
65 35606
65 35612
65 35711
65 35913
65 35952
65 36718
65 36771
65 37228
65 37528
65 37675
65 37936
65 38164
65 38423
65 38441
65 38701
65 39453
65 39459
65 39578
65 40139
65 40376
65 40459
65 40762
65 41269
65 41432
65 41551
65 41915
65 41948
65 42044
65 42552
65 42835
65 42986
65 43161
65 43494
65 43749
65 44315
65 44505
65 44634
65 44760
65 44903
65 44909
65 44910
65 45268
65 45666
65 45770
65 46168
65 46215
65 46521
65 47392
65 47486
65 47551
65 47563
65 48150
65 48202
65 48248
65 48669
65 48782
65 48906
65 49060
65 49278
65 49641
65 49670
65 49708
65 50027
65 50159
57 456
57 480
57 764
57 1149
57 1159
57 1274
57 1768
57 2331
57 2470
57 2475
57 2544
57 2890
57 2976
57 3045
57 3470
57 3476
57 3560
57 3634
57 3988
57 4340
57 4705
57 4722
57 4864
57 5014
57 5486
57 6126
57 6246
57 6617
57 6967
57 7741
57 7771
57 7790
57 8205
57 8518
57 9151
57 9237
57 9325
57 9607
57 9880
57 9901
57 9962
57 10271
57 10603
57 10749
57 10820
57 10972
57 11024
57 11427
57 11785
57 11861
57 11938
57 11990
57 12209
57 12562
57 13015
57 13235
57 13597
57 13787
57 14210
57 14572
57 14631
57 14819
57 14935
57 15110
57 15257
57 15543
57 15786
57 15940
57 15983
57 16228
57 16350
57 16463
57 16824
57 16867
57 17370
57 17398
57 17545
57 17668
57 17885
57 18096
57 18430
57 18530
57 18575
57 18775
57 18796
57 19375
57 19724
57 19991
57 20021
57 20226
57 20302
57 20473
57 20480
57 21350
57 21550
57 21772
57 22206
57 22310
57 22398
57 22645
57 23163
57 23359
57 23665
57 24312
57 24480
57 24523
57 25390
57 25532
57 25713
57 25959
57 26198
57 26683
57 26716
57 26766
57 26995
57 27173
57 27284
57 27658
57 28052
57 28279
57 28805
57 28843
57 28943
57 29215
57 29359
57 29551
57 29573
57 29792
57 29865
57 30772
57 30831
57 30866
57 31293
57 31423
57 31559
57 31780
57 31826
57 32156
57 32381
57 32632
57 33027
57 33289
57 33352
57 33570
57 34371
57 34598
57 34602
57 34627
57 35065
57 35158
57 35349
57 35457
57 35528
57 35684
57 36194
57 36249
57 36723
57 36936
57 37065
57 37216
57 37865
57 37962
57 38508
57 39219
57 39251
57 39267
57 39317
57 39764
57 39776
57 39903
57 39991
57 40561
57 40647
57 40914
57 41008
57 41104
57 41132
57 41488
57 41726
57 41932
57 42165
57 42323
57 42382
57 42524
57 42874
57 44241
57 44274
57 44439
57 44467
57 44492
57 44549
57 45144
57 45363
57 45520
57 45692
57 45899
57 46410
57 46579
57 46681
57 46737
57 46887
57 46902
57 47075
57 47216
57 47464
57 47498
57 47845
57 49402
57 49430
57 49441
57 49528
57 49685
57 49819
57 49907
57 49956
57 50034
57 50498
57 50515
57 50551
57 51119
57 51156
57 51312
57 51667
57 51677
57 51702
57 52182
57 52681
57 52812
57 52940
57 52992
57 53214
57 53236
52 32
52 80
52 803
52 988
52 1060
52 1235
52 1517
52 2176
52 2301
52 2499
52 2565
52 2689
52 2881
52 3116
52 3157
52 3177
52 3282
52 3378
52 3420
52 3651
52 3761
52 3865
52 4464
52 4953
52 5121
52 5236
52 5391
52 5421
52 5628
52 5950
52 5963
52 6328
52 6388
52 6694
52 7237
52 7819
52 8254
52 8652
52 8696
52 8820
52 9355
52 9904
52 10178
52 10522
52 10645
52 10693
52 10804
52 10876
52 11027
52 11305
52 11603
52 12435
52 12440
52 12893
52 13005
52 13826
52 13909
52 13994
52 14359
52 14758
52 14863
52 14870
52 15217
52 16432
52 16718
52 16735
52 16976
52 17133
52 17218
52 17488
52 17859
52 17928
52 18007
52 18512
52 18760
52 19144
52 19929
52 20295
52 20565
52 20781
52 21043
52 21155
52 21208
52 21339
52 22201
52 22618
52 22778
52 22899
52 23546
52 24278
52 24357
52 24436
52 24487
52 24816
52 25264
52 25313
52 26330
52 27043
52 27067
52 27852
52 28052
52 28069
52 28105
52 28382
52 28440
52 28908
52 29088
52 29119
52 29197
52 29238
52 29481
52 29561
52 29696
52 29714
52 29739
52 29973
52 29979
52 30184
52 30220
52 30232
52 30689
52 30820
52 30896
52 31090
52 31183
52 31197
52 31420
52 31488
52 31542
52 31582
52 31619
52 32264
52 32285
52 32698
52 32796
52 32991
52 33123
52 33154
52 33474
52 33646
52 34177
52 34330
52 34413
52 34589
52 34695
52 36179
52 36268
52 36318
52 37847
52 38552
52 38705
52 38986
52 39054
52 39406
52 39474
52 39865
52 40172
52 40398
52 40449
52 40530
52 40785
52 40838
52 40874
52 41265
52 41375
52 41390
52 41729
52 42190
52 42381
52 42709
52 43026
52 43095
52 43669
52 45067
52 45134
52 45325
52 45523
52 45624
52 46213
52 46588
52 47011
52 47068
52 47583
52 47639
52 48608
52 48673
52 48787
52 48851
52 48899
52 48960
52 49005
52 49031
52 49777
52 50022
52 50025
52 50098
52 50227
52 50405
52 50474
52 50614
52 50859
52 51200
52 51351
52 51544
52 51835
52 51843
52 51943
52 52669
52 52900
52 53044
52 53152
52 53826
52 53901
52 54339
52 54382
52 54681
52 54987
52 55061
52 55110
52 55464
52 55684
52 56258
52 56531
52 56558
52 56670
52 57449
52 58407
52 58619
52 58831
52 58955
52 59164
52 59376
52 59449
52 59573
52 59836
52 60117
52 60356
52 60381
52 60601
52 60712
52 60923
52 61909
52 62141
52 62241
52 62302
52 62677
52 63368
52 63386
52 63674
52 63922
52 64989
52 65104
52 65367
52 65648
52 66059
52 66202
52 66403
58 669
58 910
58 1333
58 1677
58 2551
58 3152
58 3202
58 3436
58 3475
58 3764
58 5139
58 5597
58 6676
58 7016
58 7504
58 7632
58 7832
58 8255
58 8480
58 8492
58 8546
58 9425
58 9754
58 10198
58 10370
58 10437
58 10693
58 11104
58 12012
58 12085
58 12357
58 12406
58 12535
58 13059
58 13139
58 13553
58 13673
58 13832
58 13853
58 14225
58 14844
58 14987
58 15882
58 16064
58 16282
58 16354
58 16547
58 16820
58 16952
58 16965
58 17397
58 17601
58 17673
58 17958
58 17960
58 18123
58 18566
58 18729
58 19418
58 19641
58 19680
58 19793
58 20261
58 20906
58 20972
58 21207
58 21244
58 21321
58 21672
58 21702
58 21888
58 22411
58 23136
58 23242
58 23404
58 23424
58 23459
58 23870
58 23893
58 24148
58 25048
58 25553
58 26047
58 26362
58 27167
58 27665
58 27739
58 28103
58 28288
58 28430
58 28678
58 29599
58 29895
58 30060
58 30313
58 30336
58 30441
58 30606
58 30627
58 30628
58 30882
58 31077
58 31680
58 31728
58 31806
58 31980
58 32092
58 32228
58 32279
58 32556
58 32696
58 32711
58 32719
58 32743
58 32971
58 32983
58 33282
58 33368
58 33927
58 33957
58 34405
58 34430
58 34438
58 34816
58 34872
58 35252
58 35664
58 35781
58 36307
58 36395
58 37106
58 37174
58 37180
58 37308
58 37349
58 38604
58 38908
58 39681
58 39751
58 40323
58 40357
58 40576
58 41062
58 41691
58 41803
58 42028
58 42811
58 42910
58 43177
58 43407
58 43876
58 44256
58 44681
58 45025
58 45601
58 45677
58 45853
58 46260
58 46457
58 46517
58 46813
58 46933
58 46935
58 47288
58 47353
58 47581
58 47893
58 48831
58 48837
58 49054
58 49248
58 49738
58 49881
58 50018
58 50319
58 50389
58 50755
58 50903
58 51367
58 51375
58 51378
58 51910
58 52308
58 52700
58 52835
58 52953
58 53587
58 53939
58 54324
58 54618
58 55026
58 55399
58 55428
58 55437
58 55864
58 56171
58 56237
58 56242
58 56414
58 56520
58 56592
58 56805
58 56900
58 56964
58 57404
58 57869
58 59031
58 59200
58 59331
58 59708
58 60120
58 60446
58 60597
58 60599
58 60919
58 61328
58 61390
58 61543
58 61971
58 62166
58 62675
58 62769
58 63115
58 63600
58 63885
58 63964
58 65040
58 65171
58 65803
58 66050
58 66531
58 66582
58 67133
58 67387
58 67434
58 67928
58 68023
58 68086
58 68379
58 68472
58 69373
58 69675
58 69830
58 69963
58 70153
58 70450
58 70585
58 71282
58 71607
58 71744
58 72129
58 72283
58 72480
58 73214
58 73254
58 73348
58 73937
58 73944
58 73980
58 74395
58 74424
58 74716
58 74742
58 74783
58 74796
58 74808
58 74974
58 75027
58 75156
58 75371
58 75548
58 75742
58 75776
58 75851
58 75965
58 75992
58 76045
58 76479
58 76537
58 76906
58 77741
58 77961
58 77965
58 78003
58 78059
58 78066
58 78168
58 78466
58 78484
58 78638
58 79008
58 79175
58 79225
58 79842
58 80095
58 80519
58 80611
58 80646
58 80743
58 80883
58 81033
58 81126
58 81219
58 81253
58 81310
58 81533
58 81541
58 81757
58 82029
58 82112
58 82155
58 82454
58 82611
58 82891
58 82915
58 83366
58 83874
58 83894
58 84257
58 84439
58 84701
58 85211
58 85393
58 85857
58 87051
58 87648
58 87825
58 87837
58 88238
58 88365
58 88459
58 88463
58 88485
58 88698
58 88959
58 89051
58 89076
58 89259
58 89379
58 90106
58 90377
58 90607
58 90713
58 90874
58 90880
58 91186
58 91630
58 91908
58 91993
58 92142
58 92160
58 92330
58 92350
58 92425
58 92687
58 92862
58 92999
58 93016
58 93250
58 93374
58 94179
58 94406
58 94702
58 94798
58 94852
58 94994
58 95105
58 95516
58 95826
58 95844
58 96138
58 96167
58 96936
58 96963
58 97025
58 98001
58 98114
58 98138
58 98192
58 98350
58 98604
58 98615
58 98626
58 98718
58 99433
58 99594
58 99633
58 99893
58 99928
58 100267
58 100475
58 100669
58 101251
58 101338
58 101712
58 102399
58 103411
58 103784
58 104024
58 104450
58 104608
58 104871
58 105493
58 106147
58 106334
58 106685
58 106897
58 107011
58 107063
58 107418
58 107795
58 107931
58 108095
58 108367
58 108486
58 108598
58 108737
58 108864
58 108900
58 108967
58 109122
58 109869
58 110096
58 110216
58 110510
58 110570
58 111119
58 111343
58 111502
58 111733
58 111974
58 112089
58 112141
58 112724
58 113386
58 113739
58 114096
58 114276
58 114356
58 114805
58 115027
58 115185
58 115495
58 115504
58 116188
58 116624
58 116632
58 116648
58 116690
58 116884
58 117074
58 117116
58 117176
58 117233
58 117385
58 118297
58 119008
58 119288
58 119328
58 119543
58 120529
58 120607
58 120655
58 121592
58 121678
58 121774
58 121941
58 122270
58 122295
58 122457
58 122597
58 122598
58 122632
58 123132
58 123156
58 123253
58 124061
58 124346
58 124513
58 124584
58 125331
58 125445
58 125527
58 126076
58 126234
58 126264
58 127007
58 127202
58 127434
58 127854
58 128064
58 128220
58 128582
58 128808
58 129126
58 129223
58 129264
58 129639
58 129944
58 130321
58 130329
58 130920
58 130942
58 131266
58 132039
58 132222
58 132780
58 132901
58 132949
58 133080
58 133356
58 133869
58 133952
58 134198
60 89
60 741
60 763
60 974
60 1116
60 1122
60 2241
60 2365
60 2609
60 2959
60 3195
60 3416
60 3858
60 4218
60 4317
60 4405
60 4716
60 4805
60 4818
60 4833
60 5171
60 5251
60 5356
60 5530
60 5555
60 6018
60 6076
60 6194
60 6202
60 6633
60 6823
60 7230
60 7386
60 7967
60 8166
60 8659
60 8936
60 8937
60 9245
60 9322
60 9669
60 9996
60 10118
60 10281
60 10358
60 10460
60 10596
60 11236
60 11333
60 11716
60 11723
60 11844
60 12174
60 12265
60 12509
60 12674
60 12861
60 13185
60 13325
60 13362
60 13450
60 13720
60 14068
60 14101
60 14349
60 14493
60 15109
60 15147
60 15200
60 15747
60 16704
60 17780
60 17799
60 18067
60 18584
60 18619
60 18633
60 18927
60 19082
60 19306
60 19587
60 19782
60 19816
60 20264
60 20375
60 20728
60 21135
60 21360
60 21740
60 22198
60 22802
60 22982
60 23121
60 23236
60 23380
60 23595
60 24506
60 24602
60 24944
60 25144
60 25506
60 25691
60 25782
60 25797
60 26115
60 27040
60 27274
60 27291
60 27332
60 27349
60 27774
60 28111
60 28124
60 28498
60 28608
60 29062
60 29583
60 29789
60 29874
60 29889
60 29892
60 30039
60 30164
60 30369
60 30406
60 30945
60 31566
60 31693
60 31804
60 32080
60 32651
60 32724
60 32779
60 33847
60 34015
60 34129
60 34532
60 34627
60 34721
60 34733
60 34946
60 34953
60 35378
60 35816
60 36006
60 36273
60 36438
60 36606
60 36888
60 37182
60 37232
60 37324
60 37329
60 37528
60 37577
60 37760
60 38173
60 38232
60 38600
60 38634
60 38662
60 38781
60 38985
60 39992
60 40074
60 40112
60 40346
60 40915
60 40930
60 41682
60 41756
60 41928
60 42018
60 42077
60 42111
60 42112
60 42135
60 42166
60 42559
60 43409
60 43560
60 43809
60 43906
60 44129
60 44152
60 44367
60 44527
60 44616
60 44648
60 44734
60 44798
60 44976
60 44987
60 45150
60 45188
60 45358
60 45467
60 46458
60 46616
60 46634
60 46733
60 47067
60 47276
60 47394
60 47457
60 48674
60 48842
60 48984
60 49064
60 49147
60 49429
60 49731
60 50001
60 50106
60 52053
60 52199
60 52231
60 52291
60 52626
60 52816
60 53286
60 53351
60 53393
60 54039
60 54119
60 54930
60 54962
60 55169
60 55429
60 55895
60 55937
60 56280
60 57156
60 57321
60 57821
60 58047
60 58057
60 58596
60 58832
60 59095
60 59390
60 59460
60 59461
60 59525
60 59578
60 59649
60 59678
60 59862
60 59976
60 60052
60 60664
60 60823
60 60956
60 61367
60 61454
60 61625
60 61824
60 61830
60 62124
60 62628
60 62705
60 62770
60 63114
60 63349
60 63891
60 63977
60 64013
60 64275
60 64316
60 64829
60 64880
60 65234
60 65373
60 65561
60 66040
60 66460
60 66889
60 67116
60 67606
60 68012
60 68078
60 68537
60 68643
60 68746
60 68867
60 69127
60 69258
60 69309
60 69408
60 69869
60 70358
60 70781
60 70835
60 71107
60 71220
60 71564
60 72018
60 72209
60 72316
60 72334
60 72871
60 73303
60 73353
60 73651
60 73760
60 73766
60 73966
60 74136
60 74204
60 74289
60 74518
60 74531
60 75033
60 75450
60 75778
60 75831
60 76042
60 76062
60 76170
60 76230
60 76473
60 76481
60 76682
60 76889
60 77339
60 77340
60 77578
60 77695
60 77719
60 77727
60 77959
60 78021
60 78128
60 78307
60 78710
60 80228
60 80503
60 80642
60 80830
60 80941
60 80992
60 80995
60 81089
60 81122
60 81383
60 81457
60 81915
60 82110
60 82228
60 82379
60 82418
60 82633
60 82939
60 83237
60 84107
60 84184
60 85998
60 86048
60 86052
60 86417
60 87067
60 87180
60 87312
60 87315
60 87479
60 87739
60 88017
60 88148
60 88784
60 88865
60 88911
60 88992
60 89067
60 89261
60 89335
60 89440
60 89511
60 89821
60 90270
60 91009
60 91186
60 92239
60 93097
60 93270
60 93339
60 93559
60 93769
60 93876
60 93878
60 93953
60 94010
60 94557
60 95204
60 95659
60 96004
60 96352
60 96582
60 97123
60 97378
60 97795
60 98058
60 98161
60 98240
60 98367
60 98381
60 98406
60 98481
60 98632
60 99059
60 99154
60 99250
60 99363
60 99670
60 99850
60 99864
60 99928
60 100196
60 100223
60 100245
60 100437
60 100479
60 100749
60 101153
60 101630
60 101839
60 101900
60 102002
60 102271
60 102351
60 102615
60 102943
60 103064
60 103309
60 103479
60 103624
60 103910
60 103952
60 104168
60 104236
60 104398
60 104486
60 104487
60 104732
60 104873
60 105029
60 105066
60 105248
60 105667
60 106078
60 106256
60 106424
60 106604
60 106767
60 107075
60 107128
60 107407
60 107759
60 107872
60 107972
60 108199
60 108386
60 108584
60 108709
60 108981
60 109368
60 109677
60 109788
60 109942
60 110112
60 110161
60 110386
60 110388
60 110524
60 110574
60 110618
60 110888
60 111193
60 111446
60 111591
60 111638
60 111934
60 112664
60 112940
60 113541
60 113820
60 113952
60 114826
60 115207
60 115876
60 116313
60 116346
60 116602
60 117290
60 117464
60 117735
60 117835
60 118283
60 118317
60 118459
60 118754
60 118786
60 119029
60 119168
60 119224
60 119418
60 119717
60 119832
60 119848
60 119897
60 120238
60 120353
60 120501
60 120976
60 120990
60 121158
60 121244
60 121319
60 121625
60 122378
60 122406
60 122666
60 123197
60 123624
60 123753
60 123819
60 124117
60 124122
60 124238
60 124575
60 125178
60 125264
60 125436
60 125452
60 125666
60 125708
60 125803
60 126062
60 126276
60 126407
60 127146
60 127158
60 127606
60 127711
60 128055
60 128133
60 128177
60 128278
60 128351
60 128601
60 128792
60 128830
60 129090
60 129113
60 129161
60 129420
60 129595
60 129682
60 130047
60 130106
60 130192
60 130285
60 130336
60 130353
60 130421
60 130514
60 130767
60 131057
60 131061
60 131444
60 132103
60 132868
60 133342
60 133924
60 134003
60 134270
60 134362
60 134376
60 134395
60 134956
60 135163
60 135419
60 135926
60 136159
60 136518
60 136843
60 137250
60 137600
60 137668
60 137690
60 138757
60 138764
60 138879
60 139281
60 139550
60 139569
60 139583
60 139642
60 139673
60 140111
56 60
56 285
56 339
56 775
56 1004
56 1339
56 1352
56 1356
56 1568
56 1939
56 2564
56 3116
56 3277
56 3865
56 3963
56 4114
56 4473
56 4737
56 4980
56 5029
56 5130
56 5209
56 5306
56 5408
56 5678
56 6089
56 6243
56 6761
56 6937
56 7136
56 7303
56 7304
56 7730
56 7765
56 7779
56 7820
56 7887
56 7998
56 8578
56 9311
56 9529
56 9953
56 9977
56 10228
56 10347
56 10606
56 10684
56 11089
56 11418
56 11517
56 11537
56 11719
56 11921
56 12008
56 12117
56 12166
56 12416
56 12463
56 12540
56 12874
56 13009
56 13677
56 13760
56 13979
56 14498
56 14523
56 14797
56 15160
56 15178
56 15347
56 16164
56 16652
56 17068
56 17239
56 17291
56 17493
56 18120
56 18560
56 18656
56 19122
56 19917
56 19941
56 20225
56 20893
56 20997
56 21360
56 21506
56 21544
56 21597
56 21673
56 21791
56 22102
56 22177
56 22243
56 22689
56 23048
56 23637
56 23969
56 24310
56 24689
56 24731
56 24753
56 24785
56 25033
56 25128
56 25327
56 25564
56 25609
56 25680
56 26119
56 26200
56 26211
56 26224
56 26379
56 26745
56 27011
56 27088
56 27376
56 28261
56 28291
56 28361
56 28369
56 28421
56 28462
56 28508
56 28829
56 28856
56 29463
56 29805
56 29870
56 29925
56 30035
56 30377
56 30494
56 30511
56 30889
56 30943
56 31028
56 31453
56 31470
56 31505
56 31601
56 32224
56 32348
56 32703
56 33070
56 33188
56 33281
56 33365
56 33889
56 34110
56 34194
56 34411
56 34531
56 35443
56 35970
56 36428
56 36487
56 36622
56 36628
56 36706
56 36946
56 37199
56 37260
56 37322
56 37474
56 38489
56 38491
56 38774
56 39198
56 39345
56 39417
56 39773
56 39953
56 40116
56 40562
56 41328
56 41691
56 41848
56 42176
56 42523
56 43008
56 43426
56 43515
56 43654
56 44146
56 44571
56 44646
56 44965
56 45662
56 46442
56 46757
56 46988
56 47074
56 47092
56 47129
56 47292
56 47610
56 47656
56 47954
56 48127
56 48556
56 49079
56 49429
56 49432
56 49637
56 49735
56 49908
56 50395
56 50565
56 50680
56 50715
56 50892
56 50936
56 51133
56 51213
56 51556
56 51557
56 51580
56 51909
56 52002
56 52006
56 52197
56 52292
56 53000
56 53533
56 53615
56 53741
56 53920
56 53989
56 54274
56 54510
56 54907
56 55056
56 55114
56 55280
56 55713
56 55892
56 55893
56 56213
56 56319
56 56483
56 56493
56 56513
56 56555
56 56618
56 56794
56 56841
56 56877
56 57232
56 57402
56 57848
56 58206
56 59386
56 59422
56 60234
56 60283
56 61195
56 61372
56 61473
56 61547
56 61738
56 61826
56 61872
56 62096
56 62175
56 62415
56 62428
56 62584
56 63283
56 63332
56 63375
56 63474
56 63745
56 64290
56 64316
56 64378
56 64450
56 64670
56 64910
56 65220
56 66018
56 66934
56 67044
56 67120
56 67244
56 67328
56 67469
56 67554
56 67883
56 68090
56 68118
56 68259
56 68982
56 69053
56 69682
56 69809
56 70059
56 71545
56 72029
56 72275
56 72532
56 72553
56 72921
56 73404
56 73550
56 73559
56 73582
56 74194
56 74462
56 74483
56 74489
56 74644
56 74894
56 75091
56 75131
56 75140
56 75449
56 75627
56 75769
56 76071
56 76323
56 76415
56 76508
56 77025
56 77252
56 77838
56 77993
56 78319
56 78817
56 79143
56 79361
56 79374
56 80542
56 80766
56 81130
56 81220
56 81328
56 81364
56 81537
56 82041
56 82169
56 82220
56 82316
56 82491
56 82792
56 83797
56 84096
56 84120
56 84403
56 84732
56 85392
56 85687
56 85867
56 86294
56 87368
56 87430
56 87557
56 87603
56 88357
56 88486
56 88555
56 88811
56 88858
56 88923
56 89093
56 89239
56 89553
56 89636
56 89881
56 91099
56 91126
56 91216
56 91388
56 91641
56 91967
56 92464
56 92478
56 92653
56 92873
56 92903
56 93359
56 95496
56 95626
56 96029
56 96763
56 96902
56 96933
56 97659
56 97753
56 97894
56 98095
56 98148
56 98577
56 99372
56 99842
56 100727
56 100761
56 100997
56 101504
56 101583
56 101641
56 101948
56 102003
56 102125
56 102126
56 102519
56 102760
56 103138
56 103186
56 103215
56 103661
56 104123
56 104324
56 105500
56 105750
56 105913
56 105958
56 106214
56 106226
56 106284
56 106761
56 106913
56 106956
56 107202
56 107349
56 107363
56 108743
56 108897
56 109014
56 109408
56 109486
56 109493
56 109983
56 110400
56 110482
56 110507
56 110813
56 111011
56 111157
56 111671
56 111729
56 111841
56 112032
56 112053
56 112076
56 112925
56 113073
56 113884
56 113949
56 114310
56 114325
56 114400
56 114639
56 114699
56 114772
56 115230
56 115455
56 115951
56 116105
56 116251
56 116426
56 116975
56 117047
56 117372
56 117627
56 118053
56 118223
56 118497
56 118630
56 119180
56 119474
56 119480
56 119520
56 119618
56 119652
56 119756
56 119800
56 119845
56 120114
56 120665
56 121099
56 121206
56 121661
56 121675
56 121777
56 121932
56 122109
56 122276
56 122298
56 122302
56 122475
56 122631
56 123051
56 123130
56 123226
56 123262
56 123774
56 123825
56 124194
56 124209
56 124422
56 124576
56 124594
56 124807
56 124985
56 125346
56 126001
56 126164
56 126170
56 126501
56 126553
56 126586
56 126915
56 127006
56 127433
56 127572
56 127632
56 127864
56 127933
56 128063
56 128243
56 128284
56 128330
56 128671
56 128733
56 128904
56 128996
56 129064
56 129342
56 129498
56 129725
56 130224
56 130438
56 130478
56 130769
56 131261
56 132161
56 132480
56 132502
56 132839
56 133224
56 133275
56 133555
56 133642
56 134356
56 134374
56 134955
56 135030
56 135448
56 135627
56 135677
56 135955
56 136629
56 136887
56 137116
56 137538
56 138218
56 138551
56 138659
56 139009
56 139763
56 140150
56 140414
56 140638
56 140668
56 140847
56 141201
56 141522
56 141845
56 142284
56 142455
56 142466
56 142655
56 143126
56 143454
56 143574
56 143673
56 143828
56 143894
56 144316
56 144581
56 144590
56 144652
56 145185
56 145254
56 145538
56 145742
56 145811
56 146810
56 147031
56 147044
56 147155
56 147162
56 148036
56 148069
56 148317
59 149
59 390
59 566
59 589
59 900
59 1788
59 1844
59 1940
59 1971
59 2050
59 2081
59 2086
59 2133
59 2428
59 2596
59 3319
59 3431
59 3705
59 3795
59 4252
59 4502
59 5103
59 5111
59 5387
59 5661
59 5979
59 6479
59 6677
59 7588
59 7892
59 8052
59 8173
59 8263
59 8473
59 9035
59 9521
59 9675
59 9937
59 10000
59 10139
59 10270
59 10395
59 10400
59 10465
59 10738
59 10744
59 11991
59 12250
59 12258
59 12946
59 13321
59 14479
59 14546
59 14661
59 15083
59 15085
59 15182
59 15628
59 15972
59 16324
59 16559
59 16914
59 17088
59 17305
59 17316
59 17324
59 17325
59 17354
59 17363
59 18074
59 18888
59 19295
59 19810
59 20450
59 20935
59 21494
59 21744
59 22132
59 22420
59 22430
59 22452
59 22620
59 22659
59 22866
59 22925
59 23035
59 23320
59 23346
59 23472
59 23515
59 23951
59 24294
59 24393
59 24495
59 24505
59 24706
59 24738
59 25017
59 25179
59 25549
59 25579
59 25588
59 25748
59 25990
59 26092
59 26805
59 27138
59 27282
59 27926
59 28128
59 28866
59 29038
59 29255
59 30058
59 30341
59 30424
59 30743
59 30975
59 31235
59 31536
59 31676
59 31911
59 31981
59 32284
59 32360
59 32367
59 33093
59 33112
59 33540
59 33759
59 33868
59 33936
59 34063
59 34075
59 34281
59 34468
59 34484
59 34488
59 34841
59 35224
59 35328
59 35330
59 35682
59 35818
59 35924
59 36474
59 36850
59 37098
59 37114
59 37250
59 37340
59 37357
59 37772
59 37943
59 38196
59 38215
59 38557
59 38917
59 39912
59 40202
59 40361
59 40576
59 40947
59 41037
59 41071
59 41572
59 41633
59 41784
59 41799
59 42305
59 42719
59 42742
59 42831
59 43039
59 43062
59 43281
59 44269
59 44585
59 45011
59 45466
59 45916
59 45998
59 46285
59 46853
59 47182
59 47192
59 47270
59 47287
59 47535
59 48002
59 48126
59 48632
59 48685
59 49143
59 49358
59 49417
59 50211
59 50357
59 50464
59 50481
59 51279
59 51486
59 51910
59 52161
59 52795
59 53029
59 53365
59 53611
59 53843
59 54056
59 54371
59 54774
59 54807
59 55331
59 55344
59 55593
59 55844
59 56606
59 56616
59 56661
59 56671
59 56777
59 57129
59 57335
59 57355
59 57402
59 57477
59 57632
59 57896
59 58233
59 59680
59 59767
59 60176
59 60919
59 60974
59 61079
59 61291
59 61451
59 61488
59 61494
59 61743
59 61993
59 62051
59 62145
59 62262
59 62487
59 62751
59 62983
59 63412
59 63635
59 63919
59 64518
59 64580
59 64711
59 65791
59 65905
59 65947
59 66176
59 66361
59 66401
59 66704
59 66736
59 66741
59 67283
59 67783
59 67841
59 68102
59 68104
59 68747
59 68761
59 68783
59 68844
59 68894
59 69499
59 69540
59 69742
59 70015
59 70208
59 70250
59 70627
59 70749
59 70850
59 70990
59 71029
59 71073
59 71085
59 71355
59 71356
59 71616
59 72104
59 72429
59 73131
59 73587
59 73617
59 73629
59 73669
59 73877
59 74196
59 74332
59 74687
59 74870
59 75127
59 75246
59 75285
59 75387
59 75646
59 76481
59 76744
59 76749
59 76972
59 76973
59 77075
59 77503
59 77705
59 77996
59 78054
59 78063
59 78068
59 79317
59 79602
59 80172
59 80218
59 80673
59 80970
59 81210
59 81353
59 81437
59 81532
59 81582
59 82022
59 82367
59 82440
59 82453
59 82788
59 82858
59 83255
59 83673
59 83819
59 84099
59 84746
59 84875
59 85170
59 85464
59 85502
59 85950
59 86206
59 86267
59 86431
59 86851
59 86862
59 86963
59 87041
59 87421
59 87450
59 87454
59 87479
59 87554
59 87576
59 88049
59 88515
59 88880
59 88980
59 89265
59 89302
59 89824
59 89980
59 90984
59 91125
59 91456
59 91460
59 92621
59 92938
59 93050
59 93172
59 93215
59 93444
59 93550
59 94164
59 94239
59 94619
59 94775
59 94942
59 95291
59 95957
59 96288
59 96439
59 96625
59 96902
59 97114
59 97185
59 97634
59 97897
59 98140
59 98201
59 98500
59 99305
59 99468
59 99908
59 100868
59 101710
59 102353
59 102899
59 103608
59 104161
59 104236
59 104239
59 104782
59 105261
59 105414
59 105415
59 105478
59 105584
59 105988
59 106093
59 106223
59 106452
59 106582
59 106586
59 106633
59 106763
59 106895
59 107167
59 107694
59 107753
59 107965
59 108049
59 108618
59 108659
59 109071
59 109330
59 109366
59 109479
59 109834
59 109907
59 110115
59 110442
59 110483
59 110506
59 111116
59 111129
59 111274
59 111738
59 112113
59 112966
59 113121
59 115148
59 115350
59 115551
59 115556
59 115634
59 115834
59 115912
59 116266
59 116276
59 116577
59 117120
59 117204
59 117415
59 117572
59 117609
59 117737
59 117801
59 117855
59 117996
59 118001
59 118054
59 118062
59 118167
59 118508
59 118601
59 118615
59 118945
59 119258
59 119360
59 119542
59 119756
59 120182
59 120448
59 120806
59 121093
59 121480
59 121688
59 121946
59 122189
59 122331
59 122373
59 122719
59 123033
59 123280
59 123576
59 123888
59 123943
59 123956
59 124120
59 124609
59 125102
59 125168
59 125177
59 125236
59 125440
59 125467
59 126318
59 126460
59 126621
59 126962
59 127072
59 127127
59 127353
59 127470
59 127731
59 129143
59 129210
59 129301
59 129318
59 129406
59 129493
59 129858
59 129960
59 130330
59 130492
59 130604
59 131051
59 131398
59 131744
59 132307
59 132895
59 133422
59 133676
59 133879
59 134147
59 134217
59 134633
59 134686
59 135446
59 135524
59 135526
59 135561
59 135593
59 135764
59 136064
59 136091
59 136526
59 136655
59 137203
59 137355
59 137724
59 138051
59 138228
59 138288
59 138912
59 139076
59 139134
59 139198
59 139469
59 140070
59 140140
59 140444
59 140769
59 140780
59 140903
59 140939
59 141165
59 141193
59 141318
59 142032
59 142156
59 142183
59 142500
59 142638
59 142906
59 143421
59 143612
59 143748
59 143830
59 144288
59 144475
59 144476
59 144895
59 145438
59 145517
59 145621
59 145782
59 146034
59 146041
59 146072
59 146100
59 146248
59 146686
59 146874
59 146877
59 147052
59 147145
59 147323
59 147418
59 147558
59 147560
59 147996
59 148142
59 148259
59 148333
59 149073
59 149232
59 149602
59 149622
59 149755
59 149933
59 150014
59 150276
59 150332
59 150563
59 151010
59 151076
59 151137
59 151185
59 151246
59 151263
59 152005
59 152318
59 152512
59 152801
59 153063
59 153416
59 153975
59 154282
59 154442
59 154963
59 155104
59 155742
59 155830
59 156404
59 156432
55 416
55 467
55 520
55 540
55 992
55 1271
55 1723
55 3036
55 3397
55 3471
55 3542
55 4210
55 4281
55 4341
55 4435
55 5032
55 5087
55 5146
55 5487
55 5570
55 5950
55 6264
55 6879
55 6885
55 6895
55 7330
55 7356
55 7373
55 7716
55 7799
55 8890
55 9380
55 9581
55 10288
55 10463
55 10782
55 11174
55 11476
55 11520
55 11992
55 12172
55 12378
55 12602
55 13025
55 13416
55 13906
55 13996
55 14158
55 14280
55 14376
55 14664
55 15723
55 16044
55 16653
55 16854
55 17016
55 17256
55 17561
55 17935
55 18067
55 18123
55 18264
55 18542
55 19070
55 19153
55 19176
55 19283
55 19335
55 19424
55 19462
55 19663
55 19666
55 19806
55 20063
55 20302
55 20493
55 20860
55 20914
55 21237
55 21390
55 21752
55 22665
55 22886
55 22893
55 23027
55 23248
55 23418
55 23499
55 23536
55 23652
55 23665
55 23693
55 23799
55 23853
55 23881
55 24372
55 24537
55 24538
55 24594
55 24595
55 24729
55 24891
55 24923
55 25047
55 25117
55 25605
55 25614
55 26014
55 26137
55 26395
55 26531
55 26805
55 26913
55 27047
55 27421
55 27422
55 27672
55 27912
55 28041
55 28120
55 28272
55 29041
55 29053
55 29377
55 29439
55 29444
55 29476
55 29547
55 29773
55 29887
55 30131
55 31038
55 31225
55 31243
55 31274
55 31425
55 31563
55 31607
55 31671
55 31921
55 32213
55 32255
55 34018
55 34451
55 34456
55 34790
55 34914
55 35306
55 35491
55 36231
55 36458
55 36604
55 37124
55 37247
55 37373
55 37387
55 37717
55 37831
55 37845
55 37872
55 37956
55 38469
55 38565
55 38605
55 38663
55 38817
55 39139
55 39279
55 40016
55 40231
55 40359
55 40504
55 40525
55 40709
55 40732
55 41079
55 41133
55 41331
55 41407
55 41497
55 41573
55 41587
55 41857
55 42245
55 42303
55 42360
55 42645
55 43692
55 44259
55 44264
55 44308
55 44709
55 45914
55 46097
55 46454
55 46611
55 46636
55 46717
55 46777
55 46813
55 46907
55 47754
55 48117
55 48350
55 49010
55 49148
55 49152
55 49398
55 49480
55 49648
55 49653
55 50310
55 50647
55 50749
55 50860
55 51206
55 51209
55 51515
55 51623
55 52100
55 52307
55 52578
55 53556
55 53633
55 54038
55 54053
55 54055
55 54076
55 54132
55 54233
55 54421
55 54620
55 54891
55 55454
55 55903
55 56049
55 56298
55 56352
55 56457
55 56690
55 56822
55 57572
55 57830
55 57844
55 57940
55 57987
55 58195
55 58226
55 58265
55 58294
55 58542
55 58682
55 59390
55 59406
55 59507
55 59594
55 60076
55 60230
55 60352
55 60585
55 60684
55 60851
55 61564
55 61657
55 62053
55 62521
55 62680
55 62910
55 63454
55 63588
55 63863
55 63879
55 64152
55 64336
55 64388
55 64532
55 64674
55 64929
55 65158
55 65774
55 66078
55 66794
55 66806
55 67192
55 67394
55 68001
55 68067
55 68073
55 68081
55 68489
55 69017
55 69100
55 69433
55 69508
55 70090
55 70117
55 70585
55 71269
55 71317
55 71510
55 71589
55 71822
55 71880
55 71999
55 72720
55 72721
55 72934
55 73128
55 73316
55 73741
55 74354
55 74513
55 74973
55 75787
55 75861
55 76054
55 76346
55 76394
55 76485
55 76548
55 76769
55 76941
55 77828
55 78346
55 78902
55 79378
55 79819
55 80025
55 80029
55 80039
55 80358
55 80594
55 80734
55 81050
55 81344
55 81426
55 81558
55 81722
55 81878
55 82147
55 82512
55 82727
55 82789
55 82850
55 83057
55 83377
55 83515
55 83626
55 83826
55 84106
55 84137
55 84732
55 84755
55 85134
55 85395
55 85685
55 85794
55 86601
55 86703
55 86831
55 86875
55 86907
55 86943
55 87017
55 87045
55 87152
55 87448
55 87621
55 87638
55 87760
55 87903
55 87984
55 88186
55 88221
55 88268
55 88784
55 88948
55 89372
55 89702
55 89804
55 89864
55 89973
55 90504
55 90856
55 91090
55 91117
55 91152
55 91337
55 91593
55 91924
55 91933
55 92078
55 92218
55 92443
55 92933
55 93033
55 93437
55 93495
55 93671
55 94271
55 94356
55 94451
55 95638
55 95874
55 96016
55 96127
55 96452
55 97021
55 97225
55 97353
55 97670
55 98034
55 98230
55 99346
55 99390
55 99663
55 99692
55 100059
55 100617
55 101068
55 101351
55 101357
55 101556
55 101677
55 102158
55 102220
55 102458
55 102614
55 102788
55 102835
55 103328
55 103455
55 103537
55 103962
55 104095
55 104313
55 104738
55 105902
55 106203
55 106320
55 106322
55 106413
55 106590
55 106711
55 106866
55 107528
55 107556
55 107847
55 108031
55 108069
55 108430
55 109395
55 109473
55 109812
55 109853
55 110018
55 110126
55 110132
55 110393
55 110486
55 110564
55 110583
55 111027
55 111227
55 111330
55 111772
55 111811
55 112136
55 112167
55 112192
55 112217
55 112298
55 112390
55 112397
55 112583
55 113156
55 113395
55 113447
55 113483
55 113578
55 114006
55 114327
55 114709
55 114729
55 114866
55 115169
55 115199
55 115245
55 115327
55 115537
55 115849
55 115872
55 116538
55 116853
55 117343
55 117883
55 117945
55 117980
55 118010
55 118037
55 118136
55 118258
55 118551
55 118842
55 119180
55 119935
55 119937
55 120052
55 120462
55 120476
55 120541
55 120733
55 120782
55 120863
55 120922
55 121024
55 121058
55 121239
55 121328
55 121482
55 122268
55 122412
55 122607
55 122722
55 122848
55 122994
55 123131
55 123195
55 123240
55 123503
55 123685
55 124606
55 124939
55 125205
55 125670
55 126096
55 126554
55 126763
55 127273
55 127483
55 127511
55 129330
55 129516
55 129537
55 129642
55 130538
55 130550
55 130669
55 130782
55 130818
55 131216
55 131724
55 131729
55 131771
55 132033
55 132176
55 132270
55 132591
55 132592
55 132693
55 132705
55 132732
55 132868
55 132887
55 132993
55 133104
55 133528
55 133795
55 134067
55 134628
55 134806
55 134919
55 135856
55 136054
55 136293
55 136415
55 136438
55 137300
55 137343
55 137542
55 137733
55 137847
55 138026
55 138135
55 138170
55 138207
55 138299
55 138334
55 138621
55 138697
55 139619
55 139683
55 139716
55 139859
55 139905
55 140331
55 140809
55 141000
55 141018
55 141341
55 141463
55 142053
55 142298
55 142344
55 142587
55 143027
55 143394
55 143659
55 143714
55 143995
55 144207
55 144467
55 144610
55 144636
55 144649
55 144945
55 145112
55 145597
55 145808
55 145845
55 146244
55 146610
55 146627
55 146639
55 146782
55 146857
55 147258
55 147294
55 147305
55 147309
55 147802
55 147915
55 148020
55 148289
55 148374
55 148522
55 148900
55 149331
55 149706
55 149990
55 150031
49 133
49 315
49 349
49 812
49 1088
49 1092
49 1132
49 1153
49 1460
49 1797
49 1928
49 1982
49 2139
49 2439
49 2634
49 2955
49 3433
49 3713
49 4586
49 4819
49 4851
49 5683
49 6296
49 6337
49 6442
49 6843
49 7296
49 7304
49 7582
49 8320
49 8574
49 8755
49 8834
49 9064
49 9485
49 9796
49 9808
49 10211
49 10223
49 10257
49 10367
49 10704
49 10739
49 11561
49 11930
49 12062
49 13043
49 13216
49 13960
49 14193
49 14434
49 14639
49 14945
49 15290
49 15303
49 15333
49 15745
49 15898
49 15963
49 16122
49 16149
49 16752
49 17102
49 17302
49 17335
49 17337
49 17356
49 17801
49 18352
49 18575
49 18803
49 19188
49 19283
49 19371
49 19460
49 19637
49 19656
49 19712
49 19924
49 20006
49 20019
49 20175
49 20219
49 20443
49 20451
49 20558
49 20573
49 21081
49 22465
49 22758
49 22907
49 23276
49 23641
49 23909
49 24172
49 24308
49 24800
49 24918
49 25006
49 25072
49 25959
49 25975
49 26138
49 26217
49 27061
49 27217
49 27330
49 27453
49 27600
49 27640
49 27746
49 27794
49 27847
49 28294
49 28380
49 28642
49 28646
49 28763
49 28895
49 28912
49 29188
49 29775
49 29875
49 29930
49 30061
49 30395
49 30583
49 31156
49 31188
49 31379
49 31697
49 31720
49 31888
49 31904
49 32400
49 32792
49 32846
49 33033
49 33171
49 33173
49 33409
49 33970
49 33973
49 34108
49 34214
49 34455
49 34542
49 34549
49 34592
49 34933
49 34987
49 35496
49 35716
49 35976
49 36459
49 36862
49 37819
49 37842
49 37867
49 38475
49 38770
49 39116
49 39230
49 39334
49 39536
49 39612
49 39783
49 39816
49 39871
49 40165
49 40406
49 40472
49 40581
49 40680
49 40743
49 40792
49 41234
49 41621
49 41671
49 41907
49 42062
49 42270
49 42527
49 42652
49 43075
49 43243
49 43290
49 43388
49 43498
49 43817
49 43943
49 44044
49 44401
49 44594
49 44814
49 45083
49 45473
49 45587
49 45646
49 46134
49 46234
49 46633
49 46823
49 46973
49 47000
49 47194
49 47207
49 47321
49 47383
49 47531
49 47627
49 47633
49 47637
49 47710
49 47935
49 48289
49 48487
49 48905
49 48944
49 48960
49 49084
49 49330
49 49490
49 49629
49 49973
49 50187
49 50898
49 51095
49 51124
49 51276
49 51294
49 51505
49 51581
49 52000
49 52244
49 52442
49 52534
49 52542
49 52673
49 52713
49 52768
49 53356
49 53868
49 53995
49 54238
49 54391
49 54581
49 54832
49 55039
49 55132
49 55884
49 56263
49 56374
49 56551
49 56741
49 56947
49 57470
49 58115
49 58478
49 59179
49 59935
49 60439
49 60470
49 60893
49 60946
49 61034
49 61177
49 62235
49 62941
49 63375
49 64003
49 64127
49 64266
49 65387
49 65512
49 65809
49 65986
49 66507
49 66639
49 66777
49 66845
49 66986
49 67439
49 67664
49 67813
49 67847
49 67954
49 68645
49 68699
49 68808
49 68965
49 69033
49 69180
49 69225
49 69648
49 69692
49 70559
49 71105
49 71370
49 71574
49 71861
49 71918
49 71998
49 72072
49 72210
49 72323
49 72384
49 72908
49 73064
49 73148
49 73381
49 73740
49 73963
49 74100
49 74345
49 74895
49 74959
49 75061
49 75485
49 75696
49 75854
49 76089
49 76172
49 76500
49 76554
49 76663
49 76691
49 76735
49 76897
49 78000
49 78030
49 78130
49 78802
49 78875
49 78884
49 79650
49 80151
49 80447
49 80583
49 81195
49 81366
49 81542
49 81858
49 82073
49 82124
49 82163
49 82512
49 82670
49 82693
49 82874
49 83064
49 83167
49 83297
49 83531
49 83561
49 83855
49 83949
49 84821
49 85044
49 85624
49 85655
49 85684
49 85753
49 85803
49 86330
49 86876
49 87240
49 87750
49 87844
49 87931
49 88034
49 88295
49 88542
49 88629
49 89056
49 89311
49 89454
49 89467
49 89619
49 89985
49 90509
49 90759
49 90786
49 90952
49 91063
49 91319
49 91920
49 92071
49 92556
49 92795
49 92843
49 92895
49 93130
49 93676
49 93749
49 94463
49 95047
49 95143
49 95297
49 95523
49 95893
49 96408
49 96421
49 96641
49 96670
49 96804
49 96925
49 96988
49 97322
49 97700
49 98173
49 98282
49 99016
49 99316
49 99864
49 99913
49 100467
49 100752
49 100895
49 100902
49 100929
49 101133
49 101252
49 101617
49 101822
49 101839
49 102082
49 102130
49 102533
49 102777
49 102852
49 103540
49 103582
49 103659
49 103694
49 103835
49 103949
49 104904
49 105134
49 105568
49 106296
49 106551
49 106581
49 106666
49 106812
49 107036
49 107088
49 107194
49 107414
49 107680
49 107793
49 107973
49 108223
49 108780
49 108920
49 108932
49 109526
49 109687
49 109815
49 110350
49 110459
49 111328
49 111528
49 111768
49 111926
49 111964
49 112018
49 112063
49 112827
49 113012
49 113160
49 113161
49 113396
49 113858
49 113895
49 114018
49 114099
49 114248
49 114328
49 114649
49 114675
49 114998
49 115108
49 115258
49 115551
49 115720
49 116257
49 116332
49 116412
49 117442
49 118203
49 118217
49 118500
49 118516
49 118689
49 118931
49 118939
49 119234
49 119543
49 119725
49 119896
49 119995
49 120565
49 120613
49 120658
49 121471
49 121479
49 121841
49 121844
49 122027
49 122292
49 123064
49 123390
49 123509
49 123716
49 123781
49 123816
49 124271
49 124452
49 124498
49 124629
49 124847
49 125767
49 125860
49 126009
49 126085
49 126634
49 126764
49 126786
49 126909
49 126994
49 127111
49 127118
49 127373
49 127559
49 127568
49 127963
49 128200
49 128744
49 128994
49 129195
49 129450
49 129867
49 129893
49 129940
49 130019
49 130220
49 130394
49 130752
49 130903
49 131300
49 132217
49 132333
49 132405
49 132454
49 132767
49 133444
49 133500
49 133570
49 133795
49 133970
49 134137
49 134220
49 134256
49 134623
49 134657
49 134898
49 135225
49 135503
49 135520
49 135957
49 136234
49 136381
49 136501
49 136585
49 137012
49 137133
49 137169
49 137201
49 137436
49 137507
49 137690
49 137812
49 138289
49 138297
49 138464
49 138982
49 139030
49 139152
49 139284
49 139383
49 139823
49 140211
49 140719
49 141507
49 142147
49 142181
49 142608
49 142803
49 143141
49 143271
49 143294
49 143516
49 143586
49 143616
49 143696
49 143832
49 144099
49 144158
49 144557
49 144875
49 144876
49 144889
49 144892
49 145435
49 145633
49 145907
49 146644
49 146774
49 146805
49 147009
49 147100
49 147525
49 147588
49 147705
49 147786
49 147803
49 147810
49 147876
49 147915
49 148080
49 148290
49 148398
49 148524
49 149182
49 149696
49 149753
49 149993
49 150342
49 150390
49 150582
49 150780
49 150884
49 151140
49 151360
49 151588
49 151999
49 152035
49 152738
49 152781
49 152906
49 153194
49 153293
49 153310
49 153561
49 153581
49 153804
49 154118
49 154508
49 154744
49 154850
49 155012
49 155442
49 155494
49 155612
49 156780
49 156782
49 157002
49 157023
49 157047
49 157182
49 157619
49 157768
49 157806
49 157947
49 158061
49 158152
49 158199
49 158228
49 158621
49 159519
49 159595
49 159602
49 159674
49 159679
49 159816
49 159882
49 160055
49 160213
49 160276
49 160304
49 160350
49 160429
49 160541
49 160766
49 160818
49 160935
49 160963
49 161286
49 161304
49 161463
49 161547
49 161555
49 161798
49 161884
51 484
51 544
51 742
51 810
51 1171
51 1331
51 1555
51 1921
51 1973
51 2181
51 2271
51 2422
51 2851
51 3080
51 3244
51 3870
51 3960
51 4027
51 4104
51 4129
51 4168
51 4567
51 4755
51 4906
51 5440
51 5654
51 5809
51 6276
51 6280
51 6283
51 6385
51 6684
51 6756
51 6958
51 7775
51 8059
51 8133
51 9829
51 10375
51 10412
51 10506
51 10582
51 10717
51 11280
51 11323
51 11503
51 11718
51 11834
51 12848
51 12951
51 13572
51 13776
51 13922
51 14672
51 14719
51 15036
51 15342
51 15352
51 15715
51 16130
51 16135
51 16321
51 16335
51 16419
51 16535
51 16644
51 16803
51 16899
51 17099
51 17506
51 17623
51 17639
51 17673
51 17881
51 17996
51 18135
51 18599
51 18620
51 18871
51 18994
51 19401
51 19490
51 19808
51 20069
51 20084
51 20309
51 20470
51 20733
51 21231
51 21374
51 21422
51 21443
51 22529
51 22614
51 22622
51 22774
51 22783
51 23154
51 23327
51 23550
51 23647
51 23917
51 24263
51 24349
51 24459
51 24583
51 25001
51 25172
51 25782
51 25951
51 25958
51 26048
51 26499
51 26534
51 26820
51 26901
51 27024
51 27040
51 27124
51 27186
51 27569
51 27573
51 28155
51 28435
51 28447
51 28541
51 28761
51 29113
51 29494
51 29656
51 30014
51 30028
51 30139
51 30352
51 30762
51 31254
51 31354
51 31806
51 32117
51 32260
51 32555
51 32742
51 33219
51 33223
51 33648
51 33881
51 34043
51 34387
51 34533
51 34561
51 34634
51 34888
51 35037
51 35575
51 35904
51 35926
51 35942
51 36316
51 36317
51 36778
51 36844
51 37308
51 37939
51 38089
51 38992
51 39200
51 39314
51 39404
51 39910
51 40806
51 40896
51 40927
51 41246
51 41366
51 41565
51 41682
51 41694
51 42179
51 42391
51 42392
51 42477
51 42659
51 43166
51 43414
51 43813
51 43886
51 44531
51 44704
51 45020
51 45366
51 46115
51 46203
51 46303
51 46589
51 46599
51 46765
51 46960
51 47064
51 47079
51 47104
51 47123
51 47541
51 47576
51 47837
51 48406
51 48493
51 48692
51 48881
51 49999
51 50149
51 50349
51 50392
51 50510
51 50679
51 50985
51 51163
51 51252
51 51366
51 52302
51 52618
51 52775
51 52950
51 53050
51 53059
51 53124
51 53450
51 53521
51 53654
51 53860
51 53933
51 54274
51 54296
51 54389
51 54460
51 54602
51 54646
51 54847
51 54995
51 55197
51 55562
51 55708
51 56115
51 57252
51 57319
51 57390
51 57401
51 58046
51 58410
51 58419
51 58539
51 58652
51 59021
51 59434
51 59490
51 59711
51 60441
51 60456
51 61307
51 61462
51 61732
51 61935
51 62444
51 62495
51 62918
51 63324
51 63550
51 63655
51 63698
51 63816
51 63950
51 64080
51 64219
51 64452
51 64871
51 65174
51 65187
51 65712
51 65758
51 66553
51 66720
51 66749
51 66906
51 67000
51 67282
51 67576
51 67711
51 67883
51 67890
51 67891
51 67946
51 67950
51 68008
51 68406
51 68410
51 68470
51 69327
51 69635
51 69670
51 70178
51 70509
51 70639
51 70865
51 71401
51 71415
51 71748
51 71928
51 72139
51 72143
51 72148
51 72350
51 72447
51 72686
51 72851
51 72929
51 72943
51 73092
51 73564
51 74084
51 74274
51 74389
51 74502
51 74897
51 75828
51 75955
51 75985
51 76142
51 76989
51 77158
51 77390
51 77439
51 77455
51 77975
51 78239
51 78391
51 78597
51 78744
51 79044
51 79633
51 79709
51 80041
51 80483
51 80942
51 80984
51 81035
51 81183
51 81414
51 81702
51 81709
51 81756
51 81862
51 82062
51 82118
51 82165
51 82533
51 82631
51 82636
51 82715
51 83309
51 83611
51 84221
51 84448
51 84495
51 84815
51 85114
51 85523
51 85553
51 85582
51 85736
51 85823
51 86035
51 86216
51 86239
51 86801
51 87151
51 87409
51 87906
51 88129
51 89051
51 89073
51 89320
51 89511
51 89747
51 90265
51 90286
51 90358
51 90377
51 90575
51 90651
51 90852
51 90912
51 90980
51 91216
51 91500
51 91562
51 91659
51 91742
51 91986
51 92103
51 92345
51 93089
51 93602
51 93779
51 93981
51 94148
51 94301
51 94395
51 94757
51 94778
51 94828
51 94848
51 94882
51 95283
51 96622
51 96635
51 96781
51 96870
51 96879
51 97162
51 97305
51 97488
51 97492
51 97761
51 97998
51 98103
51 98438
51 98479
51 98504
51 98569
51 98580
51 98886
51 99477
51 99679
51 99917
51 100070
51 100238
51 100329
51 100602
51 100978
51 101342
51 101380
51 101600
51 102085
51 102187
51 102625
51 103289
51 103565
51 103732
51 104165
51 104671
51 104981
51 105648
51 105822
51 105909
51 106161
51 106252
51 106460
51 106478
51 106633
51 106774
51 106887
51 107839
51 108306
51 108764
51 108781
51 108836
51 109449
51 109483
51 109614
51 109670
51 110181
51 110230
51 110324
51 110360
51 110882
51 110916
51 111024
51 111026
51 111364
51 111666
51 112066
51 112565
51 112582
51 112884
51 112999
51 113037
51 113496
51 113931
51 114311
51 114394
51 114538
51 114585
51 114666
51 114713
51 114822
51 115283
51 115330
51 115825
51 116029
51 116117
51 116594
51 116817
51 117664
51 118247
51 118253
51 118531
51 118740
51 119068
51 119083
51 119286
51 120268
51 120480
51 121324
51 122171
51 123102
51 123522
51 123977
51 124020
51 124054
51 124059
51 124077
51 124352
51 124633
51 125274
51 125561
51 125575
51 125607
51 125692
51 125967
51 126389
51 126825
51 126903
51 126999
51 127348
51 127540
51 127576
51 127884
51 128099
51 128439
51 128545
51 128632
51 128662
51 128667
51 128696
51 129345
51 129413
51 129714
51 129874
51 130193
51 130306
51 130318
51 130469
51 130567
51 130590
51 131088
51 131097
51 131312
51 131406
51 131961
51 131988
51 132130
51 132372
51 132420
51 132605
51 132786
51 132893
51 133068
51 133071
51 133476
51 133732
51 134096
51 134152
51 134324
51 134786
51 134833
51 134903
51 135021
51 135105
51 135232
51 135380
51 135593
51 135760
51 136009
51 136070
51 136305
51 136442
51 136812
51 137063
51 137246
51 137355
51 137486
51 138129
51 138133
51 138222
51 138860
51 138897
51 138910
51 138954
51 139022
51 139200
51 139356
51 139613
51 140093
51 140105
51 140638
51 140798
51 141097
51 141188
51 141332
51 141474
51 141589
51 142385
51 142469
51 142676
51 142787
51 142959
51 143614
51 143866
51 143984
51 144066
51 144277
51 144613
51 144693
51 145046
51 145116
51 145619
51 146007
51 146226
51 146336
51 146635
51 147117
51 147119
51 147148
51 147921
51 148274
51 148301
51 148445
51 148795
51 148851
51 149257
51 149679
51 149753
51 150646
51 151008
51 151637
51 152383
51 152432
51 152874
51 153078
51 153325
51 154005
51 154249
51 154361
51 154382
51 154494
51 154540
51 154789
51 155491
51 155499
51 155785
51 155786
51 156324
51 156556
51 156568
51 157178
51 157517
51 157706
51 158269
51 158489
51 158544
51 158630
51 158719
51 158838
51 159285
51 159788
51 160107
51 160395
51 160429
51 160600
51 160949
51 161227
51 161909
51 162552
51 163224
51 163333
51 163701
51 163751
51 163881
51 163933
51 164096
51 164685
51 164906
51 164963
51 165245
51 165541
51 165838
51 165899
61 102
61 1157
61 1202
61 1333
61 1405
61 1797
61 1842
61 2059
61 2175
61 2598
61 2797
61 2823
61 2889
61 2978
61 3358
61 3411
61 4116
61 4126
61 4797
61 4995
61 5043
61 5212
61 5783
61 6454
61 6831
61 7200
61 7683
61 8628
61 8737
61 9472
61 9537
61 9904
61 10127
61 10195
61 10218
61 10537
61 10618
61 10641
61 10712
61 10889
61 11261
61 11474
61 12170
61 12419
61 12604
61 12731
61 13083
61 13163
61 13892
61 15006
61 15046
61 15432
61 15493
61 15683
61 15790
61 15896
61 16014
61 16134
61 16326
61 16338
61 16741
61 17735
61 17869
61 17887
61 18464
61 18711
61 18794
61 18914
61 19177
61 19303
61 19519
61 20294
61 20315
61 20581
61 20592
61 20760
61 20897
61 21195
61 21358
61 21677
61 22006
61 22493
61 22526
61 22612
61 23017
61 23124
61 23359
61 23424
61 23514
61 23582
61 23640
61 23679
61 23822
61 24043
61 24984
61 26366
61 26625
61 26697
61 26737
61 26823
61 27405
61 27988
61 28023
61 28227
61 28749
61 28800
61 29108
61 29135
61 29523
61 29544
61 29997
61 30166
61 30195
61 30814
61 30965
61 31008
61 31137
61 31718
61 32077
61 32534
61 32575
61 32985
61 33145
61 33156
61 33242
61 33772
61 34292
61 34902
61 35095
61 35134
61 35184
61 35348
61 35432
61 35942
61 36099
61 36321
61 36720
61 36767
61 37763
61 37897
61 38058
61 38566
61 38706
61 38799
61 39056
61 39235
61 39357
61 39709
61 39853
61 40102
61 40343
61 40485
61 40818
61 40838
61 41071
61 41417
61 41635
61 41738
61 42202
61 42204
61 42474
61 42893
61 43141
61 43422
61 43501
61 43520
61 43650
61 43653
61 43725
61 44789
61 44908
61 45369
61 45370
61 45436
61 46006
61 46023
61 46681
61 46835
61 46911
61 46939
61 46956
61 47038
61 47411
61 47592
61 47689
61 47952
61 48269
61 48664
61 48999
61 49129
61 49464
61 49610
61 49916
61 49998
61 50172
61 51826
61 51897
61 52001
61 52192
61 52551
61 52973
61 53028
61 53314
61 53707
61 53736
61 53928
61 53967
61 54213
61 54337
61 54373
61 54586
61 54716
61 54870
61 54907
61 54965
61 55008
61 55958
61 56140
61 56283
61 56341
61 56399
61 56427
61 57358
61 57414
61 57619
61 57706
61 58445
61 58498
61 58525
61 58658
61 58922
61 59059
61 59090
61 59377
61 59558
61 59607
61 60076
61 60223
61 60230
61 60244
61 60269
61 60661
61 60761
61 61492
61 61705
61 61795
61 61836
61 61913
61 62282
61 62320
61 62432
61 62704
61 62831
61 63077
61 63284
61 63412
61 63462
61 63553
61 63834
61 64632
61 64642
61 64887
61 64935
61 65094
61 65268
61 65424
61 65592
61 65822
61 66505
61 66555
61 66582
61 66645
61 66947
61 67198
61 67323
61 67413
61 67498
61 67619
61 67761
61 67798
61 67849
61 68084
61 68956
61 68963
61 69067
61 69193
61 69316
61 69319
61 69815
61 69848
61 69995
61 70666
61 71103
61 71501
61 71761
61 71831
61 71989
61 72469
61 72729
61 73045
61 73154
61 73250
61 73361
61 73400
61 73661
61 74248
61 74335
61 74835
61 74989
61 75285
61 75353
61 75391
61 75484
61 75539
61 75744
61 75848
61 75864
61 76011
61 76242
61 76857
61 77429
61 77475
61 77711
61 77906
61 77931
61 77939
61 78311
61 78531
61 78969
61 79248
61 79517
61 79654
61 80094
61 80343
61 80643
61 80741
61 80945
61 81177
61 81198
61 81573
61 81687
61 81782
61 82017
61 82041
61 82222
61 82894
61 83367
61 83424
61 83539
61 83659
61 84157
61 84194
61 84462
61 84832
61 85231
61 85374
61 85529
61 86060
61 86578
61 86579
61 87531
61 87551
61 87633
61 88379
61 88780
61 89038
61 89418
61 89448
61 89781
61 89883
61 89915
61 90585
61 90804
61 91049
61 91077
61 91152
61 91627
61 92919
61 93439
61 93486
61 93521
61 93861
61 93866
61 94445
61 94487
61 95679
61 95769
61 96338
61 96646
61 96698
61 96803
61 97272
61 97314
61 97434
61 97895
61 97990
61 97995
61 99152
61 99236
61 99663
61 100006
61 100051
61 100329
61 100571
61 100591
61 100784
61 100894
61 101091
61 101203
61 101287
61 101736
61 101762
61 101824
61 102253
61 102397
61 102410
61 102673
61 102801
61 103171
61 103179
61 104004
61 104427
61 104891
61 104926
61 105792
61 106546
61 106629
61 107214
61 107489
61 108033
61 108062
61 108160
61 108183
61 108398
61 108424
61 108426
61 108446
61 108688
61 109847
61 110117
61 110256
61 110349
61 110568
61 110848
61 111089
61 111235
61 111376
61 111432
61 111568
61 111875
61 111979
61 112681
61 112920
61 112929
61 113754
61 113840
61 114134
61 114343
61 114797
61 114856
61 115155
61 115163
61 115410
61 115479
61 115805
61 116202
61 116625
61 117367
61 117430
61 117826
61 118320
61 118895
61 118970
61 119018
61 119639
61 120034
61 120313
61 120503
61 120647
61 121097
61 121457
61 121529
61 121627
61 122028
61 122835
61 123131
61 123634
61 124372
61 124902
61 125078
61 125745
61 125749
61 125828
61 125901
61 125998
61 126156
61 127132
61 127331
61 127389
61 127766
61 127801
61 127827
61 128008
61 128219
61 128411
61 129021
61 129041
61 129497
61 129554
61 129980
61 130167
61 130292
61 130718
61 131003
61 131024
61 131097
61 131127
61 131650
61 131872
61 131913
61 131936
61 132156
61 132620
61 132675
61 133047
61 133837
61 133841
61 134073
61 134377
61 134428
61 134479
61 134497
61 134726
61 134739
61 134785
61 135031
61 135147
61 135456
61 135904
61 136434
61 136687
61 137782
61 137855
61 138394
61 138426
61 138476
61 138711
61 138823
61 139469
61 139964
61 140100
61 140466
61 140895
61 140940
61 141123
61 141289
61 141614
61 141673
61 141998
61 142523
61 142552
61 142838
61 142844
61 142859
61 142947
61 142983
61 143025
61 143184
61 143223
61 143329
61 143622
61 143916
61 143942
61 143966
61 144023
61 144434
61 145002
61 145076
61 145165
61 145319
61 145555
61 145697
61 145839
61 146429
61 146496
61 146528
61 146643
61 147445
61 147574
61 147814
61 148283
61 148764
61 148938
61 149077
61 149259
61 149546
61 149769
61 149962
61 150014
61 150091
61 150154
61 150295
61 150343
61 150683
61 150702
61 150799
61 151075
61 151181
61 151453
61 151550
61 151563
61 151972
61 152029
61 152194
61 152293
61 152349
61 152547
61 152787
61 153024
61 153127
61 153232
61 153456
61 153526
61 153753
61 154399
61 154572
61 154687
61 155116
61 155391
61 155761
61 155875
61 156403
61 157051
61 157574
61 157810
61 157884
61 158051
61 158261
61 158914
61 158973
61 159136
61 159391
61 159995
61 160491
61 160503
61 160870
61 160989
61 161096
61 161452
61 161634
61 162020
61 162359
61 162395
61 162592
61 162640
61 162955
61 163080
54 651
54 897
54 979
54 1102
54 1154
54 1394
54 1408
54 1490
54 1573
54 1620
54 1626
54 2162
54 2211
54 2220
54 2252
54 2524
54 2709
54 2956
54 3151
54 3539
54 3610
54 3674
54 3757
54 4092
54 4460
54 4545
54 4810
54 4820
54 5153
54 5437
54 5812
54 5851
54 7326
54 7461
54 7507
54 7613
54 7655
54 7761
54 8223
54 8332
54 8696
54 8960
54 9366
54 10015
54 10440
54 10629
54 10765
54 11029
54 11233
54 11270
54 12220
54 12349
54 12498
54 12652
54 12896
54 13210
54 13691
54 13844
54 13850
54 13892
54 14723
54 14794
54 14857
54 15045
54 15331
54 15354
54 15363
54 15369
54 15675
54 15892
54 16946
54 17225
54 17372
54 17381
54 17408
54 18074
54 18125
54 18272
54 18494
54 19607
54 19676
54 19726
54 20098
54 20203
54 20307
54 20486
54 20694
54 21412
54 21433
54 21435
54 21561
54 21686
54 21951
54 22017
54 22408
54 23093
54 23142
54 23501
54 23508
54 23523
54 23567
54 23591
54 23653
54 23927
54 23981
54 24344
54 24773
54 25353
54 25387
54 25504
54 25535
54 25849
54 25861
54 25935
54 26016
54 26114
54 26434
54 26586
54 26667
54 26832
54 27004
54 27364
54 27831
54 28045
54 28115
54 28843
54 29522
54 29579
54 29827
54 29966
54 30171
54 30544
54 30598
54 30704
54 30883
54 31695
54 31749
54 31840
54 32341
54 32456
54 32518
54 32565
54 32650
54 32797
54 32968
54 33147
54 33199
54 33247
54 33373
54 33592
54 33595
54 33782
54 34083
54 34375
54 34683
54 34791
54 35173
54 35269
54 35540
54 35897
54 35998
54 36548
54 36617
54 37137
54 37177
54 37331
54 37349
54 37589
54 37634
54 37882
54 37902
54 38556
54 38710
54 38935
54 39192
54 39629
54 39660
54 41092
54 41781
54 41854
54 42003
54 42174
54 42434
54 42564
54 42985
54 43095
54 43866
54 43925
54 44339
54 44497
54 44533
54 44572
54 44671
54 45057
54 45439
54 45545
54 45990
54 46260
54 46825
54 46893
54 46925
54 47032
54 47084
54 47660
54 47755
54 48507
54 48782
54 48994
54 49239
54 49252
54 49738
54 49867
54 49950
54 50144
54 50472
54 50570
54 51181
54 51545
54 51800
54 51808
54 53963
54 54003
54 54162
54 54179
54 54478
54 54721
54 54844
54 55020
54 55033
54 55325
54 55432
54 55515
54 56040
54 56556
54 56757
54 57394
54 57501
54 57595
54 57694
54 57831
54 57927
54 58919
54 59445
54 59533
54 59575
54 59722
54 59747
54 59946
54 60030
54 60341
54 60343
54 60733
54 61140
54 61388
54 61552
54 61716
54 61788
54 62276
54 62526
54 62608
54 62625
54 63100
54 63242
54 63306
54 63307
54 63472
54 63811
54 63836
54 63891
54 63934
54 64079
54 64197
54 64639
54 64869
54 65015
54 65142
54 65311
54 65437
54 65586
54 65952
54 66194
54 66426
54 66526
54 66532
54 66865
54 66939
54 67072
54 67252
54 67725
54 67852
54 67920
54 68172
54 68176
54 68376
54 68456
54 68783
54 68831
54 69174
54 69251
54 69581
54 69649
54 69853
54 71195
54 71649
54 71713
54 72761
54 72818
54 72848
54 73266
54 73832
54 73946
54 74036
54 74037
54 74111
54 74174
54 74287
54 74403
54 74625
54 74814
54 74826
54 75808
54 75862
54 75869
54 75970
54 76106
54 76135
54 76497
54 76654
54 76663
54 77006
54 77064
54 77921
54 77964
54 77983
54 78066
54 78112
54 78209
54 78239
54 78260
54 79060
54 79135
54 79262
54 79458
54 79632
54 80186
54 80210
54 80348
54 80569
54 80646
54 80977
54 81013
54 81096
54 81488
54 81586
54 81611
54 82568
54 83120
54 83990
54 84457
54 84487
54 84725
54 84814
54 84941
54 84987
54 85113
54 85155
54 85205
54 85361
54 85470
54 85488
54 85760
54 85814
54 85867
54 86026
54 86105
54 86403
54 86461
54 86558
54 87285
54 87337
54 87520
54 87668
54 87797
54 87859
54 87969
54 88624
54 88703
54 88942
54 89095
54 89167
54 89633
54 89779
54 89856
54 89905
54 90034
54 90063
54 90161
54 90842
54 91488
54 91752
54 91844
54 93402
54 93573
54 94308
54 94364
54 94579
54 95321
54 95557
54 95985
54 96017
54 96418
54 96501
54 96851
54 97262
54 98551
54 98800
54 98876
54 99189
54 99338
54 99561
54 99649
54 100160
54 100403
54 100461
54 101465
54 101478
54 101793
54 101930
54 101950
54 102055
54 102093
54 102504
54 102542
54 102704
54 103396
54 103623
54 103767
54 104168
54 104241
54 104269
54 104601
54 104633
54 104672
54 104775
54 105657
54 105796
54 105841
54 105934
54 106002
54 106136
54 106987
54 107263
54 107339
54 107590
54 107884
54 107968
54 108083
54 108110
54 108113
54 108143
54 108267
54 108576
54 108992
54 109208
54 109256
54 109303
54 109405
54 109530
54 110236
54 110679
54 110744
54 110791
54 111676
54 112340
54 112631
54 112705
54 113270
54 113383
54 113701
54 113845
54 114415
54 115053
54 115714
54 116732
54 116855
54 116903
54 117064
54 117534
54 117810
54 118147
54 118612
54 118956
54 119325
54 119345
54 119560
54 119586
54 119628
54 119725
54 120132
54 120234
54 120240
54 120249
54 120624
54 120947
54 121773
54 121971
54 122365
54 122554
54 122703
54 123373
54 123484
54 124022
54 124198
54 124287
54 124379
54 124404
54 124407
54 124607
54 125224
54 125298
54 125400
54 125491
54 125656
54 125918
54 125950
54 126126
54 126426
54 126500
54 126731
54 126756
54 126949
54 126990
54 127322
54 127866
54 128030
54 128049
54 128097
54 128172
54 128851
54 129082
54 129125
54 129140
54 129200
54 129653
54 129971
54 130061
54 130309
54 130844
54 130868
54 130880
54 131018
54 131193
54 131206
54 131814
54 131863
54 132287
54 132506
54 132614
54 133222
54 133489
54 134610
54 134621
54 135137
54 135301
54 135544
54 135565
54 135761
54 135838
54 135959
54 136234
54 136242
54 136438
54 136711
54 136976
54 137042
54 137089
54 137387
54 137471
54 137645
54 137748
54 137991
54 138088
54 138374
54 138434
54 138845
54 139039
54 139042
54 139216
54 139367
54 139509
54 140093
54 140103
54 140179
54 140323
54 140369
54 140389
54 140475
54 140941
54 140951
54 140955
54 141013
54 141037
54 141240
54 141489
54 141511
54 141745
54 141791
54 142125
54 142504
54 142638
54 143475
54 143983
54 144357
54 145083
54 145621
54 145768
54 146043
54 146075
54 146316
54 146342
54 146408
54 146588
54 147154
54 147528
54 147548
54 147843
54 148477
54 148578
54 148799
54 148841
54 149164
54 149219
54 149230
54 150078
54 150301
54 150448
54 150497
54 151019
54 151084
54 151185
54 151245
54 152326
54 152477
54 152771
54 152820
54 153057
54 153116
54 153741
54 154129
54 155059
54 155115
54 155186
54 155315
54 155340
54 155600
54 156052
54 156439
54 156511
54 156530
54 156533
54 156606
54 156776
54 156808
54 157102
54 157191
54 157624
54 157673
54 157743
54 158091
54 158229
54 158273
54 158368
54 158607
54 158634
54 158905
54 159284
54 159286
54 159662
54 159723
54 159903
54 159911
54 160093
54 160107
54 160130
54 160367
54 160917
54 161366
54 161437
54 161472
54 161649
54 162952
54 163214
54 163257
54 163316
54 163585
54 163801
54 163927
54 163957
54 164188
54 165029
54 165038
54 165236
54 165642
54 165649
54 165837
54 165965
54 166198
54 166930
54 167298
54 167476
54 167899
54 167976
54 168384
54 168594
54 168767
63 292
63 369
63 522
63 562
63 662
63 803
63 1020
63 1079
63 1314
63 1331
63 1835
63 2772
63 2806
63 2840
63 3220
63 3894
63 4161
63 4348
63 4403
63 4614
63 4638
63 4734
63 4946
63 5080
63 5172
63 5411
63 5646
63 6108
63 6469
63 7075
63 7144
63 7815
63 8628
63 9552
63 10299
63 11006
63 11386
63 11632
63 11642
63 11728
63 11921
63 12527
63 13365
63 13689
63 13692
63 13743
63 13744
63 13824
63 13931
63 13988
63 14515
63 14856
63 15174
63 15296
63 15639
63 15928
63 16444
63 16969
63 17095
63 17598
63 17640
63 17723
63 17835
63 18002
63 18205
63 18319
63 18495
63 19504
63 19590
63 19794
63 19831
63 19907
63 20667
63 21374
63 21858
63 22210
63 22648
63 22695
63 22823
63 23005
63 23341
63 23361
63 23443
63 23477
63 23542
63 23768
63 24232
63 24245
63 24294
63 25025
63 25142
63 25754
63 26807
63 27063
63 27154
63 27324
63 27726
63 27758
63 28006
63 28182
63 28238
63 28356
63 28504
63 28521
63 29454
63 29768
63 30670
63 30807
63 30838
63 31341
63 31961
63 31964
63 32152
63 32859
63 33180
63 33202
63 33235
63 33879
63 34375
63 34642
63 34817
63 35054
63 35244
63 35266
63 35303
63 35605
63 35697
63 35900
63 36005
63 36018
63 36019
63 36100
63 36105
63 36896
63 36928
63 37118
63 37509
63 39725
63 39948
63 40069
63 40253
63 40374
63 41238
63 41663
63 41676
63 41711
63 41730
63 41966
63 42039
63 42067
63 42347
63 42461
63 42536
63 42541
63 42651
63 42709
63 43429
63 43513
63 43673
63 43885
63 44001
63 44068
63 44159
63 44636
63 44656
63 44667
63 44679
63 44681
63 44818
63 45140
63 45567
63 46146
63 46165
63 46168
63 46311
63 46345
63 46608
63 46920
63 47517
63 47742
63 47838
63 48007
63 48111
63 48273
63 48339
63 48729
63 49026
63 49082
63 49495
63 49502
63 50216
63 50337
63 50485
63 50656
63 51117
63 51625
63 51649
63 52192
63 52547
63 52755
63 52865
63 52955
63 53235
63 53285
63 53359
63 53368
63 53562
63 53694
63 54063
63 54184
63 54269
63 54416
63 55272
63 55364
63 55912
63 55960
63 55972
63 57131
63 57553
63 57680
63 57833
63 57899
63 57908
63 57925
63 57952
63 58326
63 58843
63 59250
63 60082
63 60266
63 60327
63 60428
63 60617
63 60937
63 61437
63 61570
63 61634
63 61642
63 61705
63 61728
63 61786
63 61856
63 62500
63 62663
63 62830
63 62861
63 63896
63 64161
63 64231
63 64250
63 64722
63 64726
63 64824
63 65043
63 65195
63 65685
63 66029
63 66067
63 66246
63 66383
63 66389
63 66568
63 66723
63 67216
63 67735
63 68019
63 68157
63 68196
63 68474
63 69047
63 69057
63 69619
63 70068
63 70270
63 70471
63 70573
63 70586
63 70693
63 70731
63 70974
63 71311
63 71346
63 71482
63 71657
63 72211
63 72593
63 72655
63 72666
63 73366
63 73613
63 73851
63 73969
63 74002
63 74431
63 74757
63 75204
63 75316
63 75662
63 76017
63 76023
63 76035
63 76521
63 76539
63 76555
63 76645
63 77684
63 77942
63 78144
63 78493
63 79061
63 79084
63 79302
63 79412
63 79530
63 79745
63 79766
63 79767
63 79839
63 80645
63 80774
63 81591
63 81938
63 82266
63 82994
63 83080
63 83249
63 83983
63 84085
63 84276
63 84568
63 84646
63 84678
63 85601
63 85706
63 85962
63 86058
63 86169
63 86352
63 86358
63 86564
63 86752
63 86873
63 86890
63 87316
63 87679
63 87712
63 88072
63 88140
63 88382
63 89006
63 89152
63 89214
63 89429
63 89508
63 89538
63 89936
63 90052
63 90159
63 90314
63 90394
63 90614
63 90780
63 91419
63 92124
63 93280
63 93601
63 93943
63 93971
63 94032
63 94665
63 94979
63 95430
63 95783
63 96072
63 96396
63 96543
63 96561
63 97014
63 97069
63 97209
63 97863
63 97934
63 97947
63 98005
63 98224
63 98379
63 99103
63 99127
63 99324
63 99483
63 99545
63 99812
63 100088
63 100199
63 100232
63 100513
63 100521
63 101286
63 101642
63 102108
63 102234
63 102269
63 103203
63 103235
63 103239
63 103542
63 103836
63 104274
63 104344
63 104676
63 104759
63 105078
63 105343
63 105512
63 105651
63 105886
63 105902
63 106212
63 106256
63 106377
63 106579
63 106877
63 107384
63 107469
63 107482
63 107712
63 107769
63 108138
63 108230
63 108375
63 108452
63 108498
63 108796
63 109668
63 110060
63 110168
63 110658
63 110696
63 110803
63 110809
63 110893
63 110990
63 112404
63 112974
63 113286
63 113664
63 114191
63 114197
63 114277
63 114284
63 114630
63 115089
63 115166
63 115167
63 115356
63 115448
63 115509
63 115887
63 116429
63 116753
63 116858
63 116973
63 117171
63 117181
63 117549
63 117655
63 118043
63 118237
63 118483
63 118527
63 118540
63 118573
63 118656
63 118750
63 118787
63 118859
63 119025
63 119102
63 119168
63 119183
63 119371
63 119479
63 119534
63 119625
63 119636
63 119801
63 119845
63 119855
63 119886
63 120173
63 120304
63 120335
63 120449
63 120518
63 120695
63 120895
63 121190
63 121274
63 121607
63 121833
63 121967
63 122200
63 122401
63 122928
63 123013
63 123076
63 123307
63 123631
63 123844
63 123880
63 124072
63 124128
63 124215
63 124433
63 124731
63 125018
63 125235
63 125501
63 125613
63 125770
63 125788
63 126066
63 126088
63 126273
63 127396
63 127897
63 128138
63 128303
63 128974
63 128995
63 129417
63 129537
63 129754
63 129956
63 130347
63 130415
63 130611
63 130846
63 131159
63 131304
63 131484
63 131562
63 131682
63 132020
63 132299
63 132640
63 133405
63 133613
63 133655
63 134768
63 134832
63 135200
63 135371
63 135485
63 135726
63 135874
63 136653
63 136889
63 137204
63 137478
63 137567
63 137801
63 138277
63 139230
63 139353
63 139642
63 139745
63 140126
63 140286
63 140355
63 140460
63 141162
63 141281
63 141317
63 141391
63 141583
63 141857
63 141865
63 142035
63 142328
63 142346
63 142643
63 142718
63 142738
63 142755
63 143137
63 143271
63 144208
63 144431
63 145075
63 145532
63 146251
63 146309
63 146402
63 146651
63 147167
63 147274
63 147530
63 147603
63 147704
63 147808
63 148074
63 148389
63 148607
63 148702
63 148776
63 149360
63 149437
63 149662
63 149678
63 149734
63 149735
63 150042
63 150260
63 150520
63 150646
63 150679
63 150747
63 150766
63 150880
63 151096
63 151697
63 151704
63 151711
63 151794
63 152300
63 152438
63 152536
63 152749
63 152870
63 152926
63 152956
63 153083
63 153577
63 153803
63 154088
63 154137
63 154424
63 154451
63 154534
63 154615
63 154753
63 154763
63 154865
63 155133
63 155260
63 155426
63 155745
63 155768
63 155851
63 156236
63 156258
63 156309
63 156819
63 157241
63 158443
63 158564
63 158705
63 159162
63 159338
63 159558
63 159738
63 160115
63 160490
63 160491
63 160706
63 161070
63 161540
63 161700
63 161836
63 162026
63 162138
63 162350
63 162509
63 162533
63 162576
63 162867
63 162950
63 163258
63 163302
63 163387
63 163408
63 163820
63 163887
63 164549
63 164777
63 164808
63 164839
63 165217
63 165235
63 165341
63 165350
63 165679
63 165685
63 165875
63 166481
63 167123
63 168975
63 169595
63 169769
63 169821
63 170027
63 170099
63 170342
63 170531
63 170538
63 170603
63 170638
63 170947
63 170977
63 171374
63 171683
63 171897
63 171939
63 171944
63 172065
63 172093
63 172518
63 172577
63 172837
63 172974
63 173097
63 173504
63 173534
63 173642
63 173898
63 174116
63 174122
63 174170
63 174368
63 174951
63 175107
63 175335
63 175538
63 175787
63 175864
63 176186
63 176234
63 176408
63 176523
63 176548
63 176600
63 176845
63 176859
63 176871
63 177169
63 177233
63 177424
63 177618
63 177762
63 178178
63 178376
63 178540
63 179107
63 179169
63 179361
63 179512
63 179516
63 179904
63 180146
63 180185
63 180521
63 180874
63 180947
63 181090
63 181173
63 181264
63 181857
63 182217
63 182949
63 183453
63 183627
63 183907
63 184140
63 184515
63 184646
63 184793
63 184975
63 185470
63 186348
63 186475
63 186756
63 186780
63 186879
63 187012
63 187157
63 187629
63 187962
63 187976
63 188373
63 189205
63 189475
63 189480
63 189564
63 190054
63 190212
63 190624
63 190968
63 191293
63 191604
63 191955
63 192009
63 192726
63 193135
63 193143
63 193439
63 193492
63 193733
63 193921
63 193998
63 194835
63 195503
63 195559
63 196019
63 196034
63 196162
63 196506
63 196605
63 196687
63 196860
63 197169
63 198017
63 198146
63 198453
63 198712
63 198966
63 199035
63 199380
63 199973
63 199988
63 200546
63 201084
63 201112
63 201278
63 201392
63 201495
63 201825
63 201910
63 201923
63 202084
63 202446
63 202999
63 203063
63 203158
63 203205
63 203300
63 203584
63 203826
63 203966
63 204355
63 204740
63 204789
63 204904
63 204950
63 205044
63 205209
63 205461
63 205694
63 206257
63 206433
63 206558
63 206617
63 207095
63 207471
63 207718
63 208328
63 208388
63 208434
63 208798
63 209045
63 209576
63 209957
63 210026
63 210096
63 210151
63 210173
63 210296
63 210340
63 210896
63 210909
63 211165
63 211740
63 211742
63 211765
63 211845
63 212104
63 212908
63 213175
63 213253
63 213347
63 213392
63 213475
63 213516
63 213818
63 214280
63 214338
63 214668
63 214684
63 214791
63 215340
63 215562
63 215603
63 215650
63 215692
63 215735
63 216010
63 216207
63 216265
63 216406
63 216481
63 216526
63 216605
63 218442
63 218461
63 218528
63 218643
63 218726
63 218832
63 219175
63 219420
64 328
64 439
64 447
64 651
64 817
64 942
64 971
64 1056
64 1326
64 1332
64 1671
64 1689
64 2272
64 2500
64 2567
64 2840
64 3031
64 3400
64 3451
64 3920
64 4068
64 4327
64 4368
64 4447
64 4568
64 4590
64 5113
64 5402
64 5501
64 5887
64 5979
64 6043
64 6139
64 6158
64 6279
64 6287
64 6766
64 7957
64 8163
64 8209
64 8415
64 8535
64 8556
64 9071
64 9515
64 9784
64 10127
64 10538
64 10974
64 11113
64 11320
64 12042
64 13178
64 13371
64 13697
64 13971
64 14077
64 14312
64 14532
64 14667
64 14683
64 14733
64 14794
64 14975
64 14998
64 15011
64 15237
64 15417
64 15834
64 16303
64 16458
64 16589
64 16609
64 16808
64 16816
64 17184
64 17883
64 18122
64 18639
64 18951
64 19051
64 19583
64 19945
64 20392
64 20433
64 20592
64 20600
64 20861
64 21165
64 21173
64 21449
64 21606
64 21677
64 22139
64 22581
64 22866
64 23109
64 23481
64 23599
64 23686
64 23966
64 24036
64 25399
64 25632
64 25810
64 25895
64 26666
64 26839
64 27015
64 27092
64 27214
64 27242
64 27282
64 27592
64 27820
64 27950
64 28321
64 28739
64 28916
64 29870
64 29942
64 30207
64 30487
64 30559
64 30632
64 30645
64 30992
64 31439
64 31623
64 32416
64 32440
64 32626
64 32678
64 32702
64 32956
64 33106
64 33321
64 33380
64 34253
64 34352
64 34685
64 34775
64 34902
64 35008
64 36395
64 36458
64 36867
64 36882
64 37020
64 37283
64 37522
64 37605
64 38118
64 38376
64 38410
64 38412
64 38921
64 39089
64 39100
64 39946
64 40033
64 40044
64 40482
64 40845
64 41046
64 41564
64 41740
64 41828
64 42036
64 42174
64 42505
64 42562
64 42915
64 43797
64 43830
64 44053
64 44363
64 44672
64 44707
64 44833
64 44918
64 45028
64 45113
64 45286
64 45500
64 45874
64 45977
64 46235
64 46721
64 46774
64 47317
64 47343
64 47375
64 47458
64 47682
64 47695
64 48408
64 48456
64 48471
64 48702
64 48788
64 49127
64 49293
64 49390
64 49825
64 50063
64 50191
64 50607
64 50625
64 50995
64 51038
64 51196
64 51568
64 51804
64 52728
64 52931
64 53239
64 53339
64 53341
64 53600
64 53763
64 53850
64 53876
64 53981
64 54045
64 54363
64 54507
64 54793
64 54850
64 54974
64 55005
64 55029
64 55187
64 55525
64 55636
64 56020
64 56251
64 56286
64 57049
64 57213
64 57500
64 57791
64 58364
64 58803
64 59302
64 59332
64 59810
64 59891
64 60499
64 60663
64 60967
64 61120
64 61178
64 61510
64 61730
64 61777
64 62230
64 62323
64 62398
64 62540
64 62607
64 62632
64 62810
64 63135
64 63150
64 63338
64 63513
64 63550
64 63611
64 63675
64 63744
64 63747
64 63797
64 63871
64 64077
64 64205
64 64380
64 65043
64 65100
64 65263
64 65816
64 65871
64 65889
64 66319
64 66372
64 66462
64 66500
64 66844
64 67090
64 67327
64 67384
64 68874
64 69260
64 69454
64 70193
64 70653
64 70807
64 71411
64 71649
64 72069
64 72399
64 72430
64 72434
64 72617
64 73317
64 73445
64 73729
64 75023
64 75553
64 75647
64 76101
64 76195
64 76357
64 76404
64 76784
64 76940
64 77175
64 77410
64 77477
64 77483
64 77764
64 77829
64 77908
64 78070
64 78390
64 78456
64 78780
64 78887
64 79206
64 79251
64 79832
64 80256
64 80539
64 80784
64 80808
64 81600
64 81813
64 81939
64 82192
64 82494
64 82766
64 83027
64 83230
64 83836
64 83960
64 84268
64 84274
64 84382
64 85055
64 85325
64 85436
64 85661
64 86030
64 86136
64 86235
64 87574
64 87576
64 87822
64 87901
64 87984
64 88004
64 88017
64 88359
64 88373
64 88467
64 88662
64 89038
64 89324
64 89503
64 89886
64 90001
64 90270
64 90299
64 90416
64 90586
64 90920
64 90935
64 91804
64 92048
64 92506
64 92559
64 92704
64 92740
64 92875
64 93171
64 93225
64 93735
64 94511
64 94565
64 94828
64 94886
64 94952
64 95079
64 95993
64 96235
64 96397
64 96805
64 97453
64 97592
64 98174
64 98345
64 98366
64 98378
64 98574
64 98712
64 99332
64 99767
64 100367
64 100451
64 100538
64 101053
64 101564
64 102090
64 102293
64 102432
64 102612
64 102883
64 103222
64 103265
64 103367
64 103467
64 103558
64 104164
64 104554
64 104622
64 104684
64 104734
64 104878
64 105211
64 105449
64 105505
64 105724
64 105821
64 105983
64 106103
64 107132
64 107768
64 107977
64 108236
64 108377
64 108478
64 108771
64 109306
64 109572
64 109678
64 109685
64 109692
64 109754
64 110203
64 110724
64 111026
64 111162
64 111329
64 111702
64 111802
64 111895
64 112008
64 112168
64 112241
64 112329
64 112380
64 112516
64 112701
64 113488
64 113595
64 113890
64 113899
64 113977
64 114100
64 114125
64 115139
64 115362
64 115545
64 115596
64 115986
64 116225
64 116276
64 116465
64 116470
64 116692
64 116904
64 116918
64 116969
64 117073
64 117507
64 117729
64 118008
64 118122
64 118637
64 118733
64 118830
64 118839
64 118936
64 118996
64 119165
64 119190
64 119383
64 119604
64 119936
64 120138
64 120226
64 120265
64 120332
64 120618
64 120839
64 121076
64 121107
64 121154
64 121219
64 121310
64 121388
64 121695
64 121775
64 122151
64 123039
64 123667
64 123753
64 124104
64 124157
64 124200
64 124203
64 124297
64 124411
64 124741
64 125246
64 125633
64 125930
64 126418
64 126715
64 126789
64 128131
64 128248
64 128717
64 128788
64 129132
64 129174
64 129334
64 129957
64 130068
64 130812
64 130848
64 130864
64 130910
64 130999
64 132005
64 132021
64 132076
64 132484
64 132680
64 132721
64 132734
64 132735
64 132789
64 133044
64 133375
64 133429
64 133722
64 133769
64 133894
64 134032
64 134316
64 134514
64 134526
64 134582
64 134678
64 135428
64 135460
64 135779
64 135968
64 136041
64 136174
64 136459
64 136792
64 136811
64 136965
64 137167
64 137233
64 137435
64 137829
64 137936
64 138129
64 138418
64 138440
64 138604
64 138672
64 138926
64 139424
64 139813
64 139884
64 139944
64 140144
64 140182
64 140343
64 140396
64 141012
64 141099
64 141286
64 141450
64 141747
64 142021
64 142030
64 142355
64 143057
64 143267
64 143268
64 143375
64 143449
64 143969
64 144095
64 144292
64 144550
64 144784
64 144899
64 144949
64 145720
64 145762
64 145803
64 146035
64 146189
64 146194
64 146619
64 146720
64 146816
64 146950
64 147008
64 147009
64 147039
64 147131
64 147555
64 147776
64 147895
64 148073
64 148357
64 148374
64 148887
64 148915
64 149058
64 149067
64 149214
64 149463
64 149540
64 149692
64 149748
64 149910
64 150022
64 150101
64 150489
64 150935
64 151437
64 151547
64 151615
64 151678
64 152037
64 152096
64 152402
64 152560
64 152611
64 152997
64 153152
64 153163
64 153352
64 153802
64 154071
64 154570
64 154618
64 154780
64 155064
64 155138
64 155269
64 155592
64 155687
64 155832
64 155894
64 156554
64 156728
64 156856
64 157037
64 157245
64 157344
64 157522
64 157937
64 158238
64 158384
64 158386
64 158552
64 159480
64 159823
64 159880
64 160172
64 160432
64 160705
64 161406
64 161485
64 161920
64 162085
64 162318
64 162457
64 162949
64 162967
64 163657
64 163742
64 163904
64 164189
64 164395
64 164466
64 164711
64 164889
64 164917
64 165618
64 165989
64 166282
64 166515
64 166635
64 166931
64 167024
64 167207
64 167572
64 167686
64 167821
64 168245
64 168253
64 168720
64 168721
64 168856
64 169989
64 170522
64 170767
64 171247
64 171256
64 171269
64 171333
64 172235
64 172721
64 172823
64 173886
64 173895
64 174121
64 174162
64 174832
64 174965
64 175066
64 175125
64 175306
64 175443
64 175505
64 175869
64 176377
64 176599
64 177360
64 177583
64 177762
64 178535
64 178544
64 179369
64 179590
64 179951
64 180445
64 180977
64 181568
64 181689
64 181761
64 182392
64 183153
64 183336
64 183469
64 183714
64 183729
64 183802
64 184185
64 184235
64 185005
64 185214
64 185231
64 185447
64 185580
64 185822
64 186345
64 186366
64 186590
64 187112
64 187217
64 187297
64 187398
64 187433
64 187494
64 188103
64 188150
64 188212
64 188330
64 188747
64 189081
64 189144
64 189204
64 189346
64 189854
64 190012
64 190297
64 190766
64 190782
64 190852
64 191308
64 191433
64 191712
64 192599
64 192744
64 192915
64 192946
64 193113
64 193306
64 193673
64 194490
64 194493
64 194863
64 194999
64 195003
64 195028
64 195318
64 195855
64 196150
64 197105
64 197159
64 197196
64 197368
64 197413
64 197723
64 197761
64 197802
64 198119
64 198258
64 198416
64 198418
64 198653
64 198923
64 199953
64 200108
64 200127
64 200752
64 201252
64 201391
64 201835
64 202278
64 202344
64 202372
64 202448
64 202659
64 203054
64 203065
64 203135
64 204192
64 204483
64 204573
64 204624
64 204632
64 204643
64 204861
64 205094
64 205488
64 205683
64 206273
64 206585
64 206731
64 206760
64 206952
64 207070
64 207186
64 207369
64 207638
64 208027
64 208083
64 208391
64 208543
64 208555
64 208832
64 209302
64 209334
64 209458
64 209499
64 210021
64 210152
64 210163
64 210549
64 210864
64 211004
64 211116
64 211181
64 211498
64 212084
64 212088
64 212168
64 212216
64 212305
64 212415
64 212696
64 213179
64 213350
64 213563
64 213974
64 214070
64 214153
64 214413
64 214710
64 214970
64 215004
64 215016
64 215403
64 215436
64 215723
64 216382
64 216488
64 216772
64 217535
64 217673
64 218212
64 218704
64 218721
64 219122
64 219374
64 219496
64 219611
64 219843
64 220397
64 221418
64 221788
64 222074
64 222323
64 222356
64 222485
64 222685
64 222752
64 223138
64 223146
64 223339
64 223665
64 223937
64 224204
64 224493
64 224538
64 224549
64 224654
64 224774
64 225629
64 225720
64 226415
64 226467
64 226796
64 226804
64 226949
64 227196
64 227203
64 227289
64 227499
64 227618
64 228460
64 229107
64 229163
64 229235
64 229392
64 229425
64 229516
64 229608
64 229643
64 229782
64 229851
64 230119
64 230150
64 230532
64 230690
64 231032
64 231806
64 232203
64 232226
64 232685
64 232725
64 232788
64 232789
64 232867
64 233282
64 233294
64 233394
64 233778
64 233821
64 233847
64 233898
64 234023
64 234409
64 234911
64 235629
64 235776
64 236014
64 236292
64 236544
64 236716
64 237169
64 237491
64 237709
64 237761
64 237879
64 238418
64 238535
64 238616
64 238730
64 239194
64 239320
64 239514
64 239768
64 239797
64 240468
64 240591
64 240664
64 240806
64 241288
64 241534
64 241789
64 241908
64 242008
64 242091
64 242203
64 242469
64 243115
64 243486
64 243589
64 243666
64 243714
64 243726
64 244365
64 244373
64 244420
64 244578
64 244627
64 244675
64 244854
64 244877
64 245408
64 245596
64 245779
64 245828
64 245856
64 245860
64 245887
64 246157
64 246194
64 246363
64 246434
64 246491
64 246527
64 246869
64 247227
64 247395
64 247462
64 247504
64 247665
64 248270
64 248494
64 248604
64 248648
64 248854
64 249221
64 249397
64 250401
64 250480
64 250498
64 250624
64 250808
64 250836
64 250842
64 250876
64 250955
64 251170
64 251259
64 251284
64 251488
64 251811
64 251992
64 252022
64 252064
64 252352
64 252754
