53 417
53 461
53 8763
53 14343
50 1146
50 4793
50 6520
50 7320
50 8383
50 9791
50 11323
50 15584
50 21145
50 22567
50 22941
50 25530
50 26648
50 26994
50 28325
65 679
65 695
65 2329
65 3903
65 3969
65 7524
65 15788
65 18465
65 19589
65 20855
65 23527
65 24853
65 29095
65 34467
65 37147
65 48751
57 325
57 6166
57 7151
57 7548
57 10026
57 13713
57 18492
57 19595
57 20410
57 22480
57 27552
57 29080
57 30296
57 30501
57 37698
57 37995
57 42267
57 43149
57 46305
57 47302
57 49209
57 50658
57 52110
57 52176
57 52217
57 56614
57 58022
57 58063
52 2576
52 4579
52 7357
52 9324
52 10037
52 16235
52 16897
52 19982
52 28964
52 32858
52 33211
52 36810
52 37158
52 37384
52 45468
52 49768
52 49814
52 49911
52 51679
52 52980
52 53200
52 54715
52 57486
52 66123
56 263
56 337
56 2882
56 4017
56 10588
56 12812
56 14087
56 16522
56 20176
56 23000
56 23402
56 28596
56 43895
56 44549
56 47741
56 48535
56 50953
56 55573
56 58972
56 60485
56 60995
56 67337
56 67555
56 67602
56 69434
56 70734
56 73994
56 75101
56 75389
56 76578
56 79140
56 81966
56 82579
56 88102
56 90406
56 91801
56 95765
56 98040
56 99207
56 102166
56 103473
56 104034
56 104804
56 110407
56 110640
56 110721
56 110869
56 115791
56 116158
56 120293
56 124226
56 127700
56 130994
56 131750
56 135212
56 135938
56 140205
56 145800
56 146119
56 147200
56 148777
55 5208
55 6289
55 8002
55 8229
55 10738
55 13264
55 14182
55 16658
55 26788
55 31361
55 31717
55 31744
55 32170
55 40434
55 44633
55 46218
55 47113
55 51554
55 51594
55 51875
55 52193
55 52602
55 55259
55 56893
55 57079
55 57716
55 58628
55 60289
55 63416
55 66236
55 69345
55 71448
55 75555
55 76623
55 78527
55 82063
55 84319
55 86888
55 87049
55 88908
55 93587
55 94189
55 94440
55 94897
55 96908
55 97301
55 100675
55 102805
55 103206
55 103857
55 103997
55 104149
55 104548
55 109075
55 111380
55 112383
55 112917
55 113142
55 118169
55 121435
55 122097
55 122943
55 124161
55 124680
55 125609
55 125701
55 129135
55 130569
55 130605
55 132631
55 132738
55 137137
55 137309
55 139643
55 139953
55 144569
55 146425
55 147352
49 2535
49 2794
49 4046
49 7334
49 10930
49 13235
49 15258
49 15624
49 17046
49 17973
49 21602
49 23876
49 25267
49 30308
49 33566
49 36295
49 40877
49 46233
49 51616
49 53628
49 60714
49 62353
49 62974
49 65158
49 72200
49 81281
49 81483
49 83878
49 85581
49 99176
49 101026
49 101089
49 102964
49 107268
49 109457
49 109817
49 109962
49 111013
49 114085
49 117170
49 122789
49 123840
49 126126
49 128778
49 136766
49 140574
49 142730
49 147110
49 148295
49 148814
49 154328
49 154933
49 157356
49 158165
49 158373
49 159006
49 159438
58 7775
58 8237
58 8525
58 10485
58 17166
58 19969
58 22792
58 29301
58 31218
58 32308
58 32514
58 38303
58 40729
58 42759
58 43541
58 44344
58 46880
58 47202
58 47674
58 49693
58 51648
58 53622
58 55917
58 56799
58 57029
58 57169
58 61375
58 61385
58 61454
58 63851
58 64935
58 71981
58 72388
58 78608
58 79529
58 81332
58 81683
58 85572
58 91307
58 95542
58 96462
58 101558
58 103613
58 104882
58 105735
58 107114
58 112055
58 113329
58 115207
58 116410
58 124807
58 127729
58 129863
58 131864
58 133923
60 3199
60 3453
60 5110
60 16382
60 22965
60 27692
60 32234
60 32881
60 33598
60 35672
60 36086
60 39808
60 43384
60 47008
60 47629
60 51602
60 53992
60 56213
60 60252
60 64380
60 64904
60 68715
60 70642
60 73827
60 75567
60 78077
60 78094
60 78344
60 82293
60 82842
60 85698
60 86872
60 93895
60 95045
60 96673
60 96920
60 99077
60 100224
60 103911
60 104765
60 105010
60 106340
60 110555
60 113111
60 114133
60 116859
60 118293
60 119352
60 119690
60 119718
60 119727
60 120986
60 123275
60 123456
60 126759
60 128290
60 132985
59 5609
59 5672
59 6868
59 13421
59 16022
59 18706
59 20168
59 20429
59 24894
59 34038
59 34367
59 36972
59 37080
59 41780
59 44360
59 45259
59 54963
59 56613
59 57708
59 59949
59 60062
59 64705
59 66809
59 67072
59 67733
59 68720
59 69327
59 69723
59 73216
59 84240
59 85604
59 86983
59 91404
59 91642
59 93785
59 94466
59 99351
59 99832
59 100883
59 103653
59 104634
59 105197
59 105803
59 108072
59 115926
59 121693
59 128527
59 130570
59 131916
59 143104
59 144008
59 150377
59 152691
59 153025
59 153105
59 153533
59 156228
51 1037
51 1848
51 2267
51 6160
51 6433
51 8480
51 9569
51 10749
51 10836
51 23820
51 24806
51 31080
51 32197
51 34528
51 38966
51 39958
51 41668
51 46600
51 46654
51 46759
51 50102
51 51188
51 52130
51 53408
51 55294
51 63248
51 64771
51 70469
51 74091
51 74093
51 74786
51 77810
51 78499
51 79890
51 82170
51 83212
51 86838
51 89180
51 92701
51 94356
51 96724
51 97486
51 97536
51 99632
51 104050
51 104411
51 104973
51 105758
51 109071
51 113280
51 113484
51 113962
51 115864
51 116623
51 119621
51 119923
51 120063
51 123001
51 130301
51 134097
51 136662
51 137044
51 139097
51 140228
51 143329
51 143591
51 143649
51 146076
51 146628
51 148117
51 148720
51 149934
51 152727
51 157817
51 158064
51 163748
51 166152
54 47
54 154
54 376
54 966
54 1653
54 1694
54 3009
54 6619
54 9247
54 13825
54 16396
54 16618
54 22817
54 27360
54 31734
54 32012
54 38291
54 40076
54 42779
54 44732
54 48552
54 52173
54 53154
54 57833
54 60331
54 61154
54 65091
54 66698
54 68717
54 68856
54 69135
54 72592
54 72648
54 83667
54 84925
54 86990
54 88499
54 93170
54 93629
54 96265
54 98197
54 104039
54 111018
54 112188
54 113299
54 113786
54 114716
54 117178
54 118466
54 119528
54 120622
54 124410
54 126114
54 127484
54 130343
54 130804
54 133295
54 134229
54 135348
54 136353
54 136418
54 136468
54 140994
54 141584
54 145339
54 151840
54 152248
54 155823
54 156683
54 157123
54 159468
54 163947
54 166732
54 167388
54 168770
61 4064
61 7046
61 13746
61 13793
61 18212
61 18617
61 18620
61 19568
61 23531
61 26552
61 27999
61 33244
61 34660
61 35040
61 35304
61 36318
61 37170
61 39149
61 40651
61 42426
61 43239
61 43687
61 46508
61 48094
61 48109
61 48613
61 49914
61 59058
61 59886
61 62155
61 67919
61 68643
61 69040
61 69357
61 72788
61 75290
61 83759
61 84609
61 85180
61 87316
61 88290
61 89214
61 91984
61 92256
61 92809
61 93173
61 95703
61 97505
61 98825
61 100782
61 104527
61 107814
61 109323
61 116400
61 120154
61 121256
61 128368
61 131488
61 136711
61 137396
61 139871
61 142804
61 145332
61 146569
61 151135
61 156934
61 157417
61 163110
63 24
63 4165
63 11259
63 11721
63 25345
63 27053
63 41622
63 41739
63 42970
63 51866
63 75150
63 94620
63 110437
63 111605
63 118515
63 121819
63 125100
63 126454
63 129564
63 136970
63 143414
63 143665
63 144582
63 150132
63 151436
63 159357
63 162941
63 163303
63 163774
63 166971
63 173340
63 189670
63 190855
63 193203
63 198024
63 199714
63 200930
63 204833
63 206154
63 213152
63 218213
63 219104
64 2485
64 6306
64 6396
64 10476
64 10749
64 11048
64 15225
64 16092
64 22547
64 24226
64 28757
64 40736
64 48526
64 49472
64 58791
64 61416
64 66970
64 73294
64 73882
64 74398
64 75564
64 76958
64 84401
64 87078
64 92467
64 93353
64 105173
64 105839
64 112671
64 115456
64 122119
64 123733
64 123950
64 127298
64 129260
64 131758
64 133530
64 133566
64 136956
64 142015
64 151068
64 152507
64 153561
64 156231
64 162440
64 162537
64 165422
64 178702
64 184635
64 184906
64 186998
64 189863
64 191350
64 203133
64 213016
64 213026
64 215048
64 219901
64 222441
64 225806
64 227235
64 227508
64 230789
64 239126
64 241574
64 244134
