53 9926
53 11327
53 13512
53 14258
50 4716
50 6937
50 14685
65 12053
65 21179
65 22462
65 42485
65 42669
65 44626
65 45013
65 46876
57 2012
57 11318
57 22247
57 22306
57 22366
57 23079
57 28902
57 35162
57 40092
57 41937
57 43087
57 44826
57 49195
52 14093
52 21331
52 28307
52 28964
52 51293
52 63606
58 9307
58 10417
58 11860
58 18789
58 24630
58 31604
58 39117
58 42430
58 45322
58 66523
58 90547
58 99296
58 109498
58 121753
58 126734
58 130179
58 133012
60 16694
60 30105
60 30891
60 53240
60 54334
60 64697
60 66035
60 67119
60 74480
60 81003
60 81916
60 82646
60 82839
60 82962
60 94929
60 100604
60 108375
60 110492
60 111345
60 114108
60 137685
55 2487
55 4111
55 16855
55 34379
55 51474
55 54628
55 58871
55 59708
55 81555
55 86084
55 105632
55 107117
55 110440
55 123639
55 127789
55 127951
55 129426
56 12766
56 21677
56 30452
56 30791
56 44233
56 45620
56 46386
56 52355
56 65440
56 73396
56 74530
56 87396
56 91322
56 94298
56 107719
56 109984
56 110136
56 114073
56 114860
56 119405
56 122615
56 122838
56 124507
56 125753
56 136146
56 143751
56 144866
56 147688
56 148088
59 347
59 7093
59 8583
59 9772
59 21888
59 33934
59 59226
59 66974
59 69490
59 78964
59 82860
59 83270
59 86519
59 87593
59 89041
59 91564
59 98318
59 103573
59 105575
59 109969
59 113075
59 116513
59 116748
59 132070
59 139282
59 142952
59 145141
59 147042
59 150912
59 153533
61 7047
61 15445
61 16838
61 18933
61 29068
61 29204
61 30281
61 31909
61 41566
61 42352
61 44185
61 64876
61 69803
61 72194
61 79228
61 94781
61 97600
61 102895
61 109367
61 113701
61 115701
61 137420
61 138557
61 139426
61 147171
51 7360
51 11007
51 27497
51 31257
51 50280
51 59648
51 64138
51 65749
51 67284
51 67565
51 87044
51 93067
51 96507
51 97669
51 103012
51 103138
51 106623
51 107270
51 114117
51 139968
51 145389
51 152849
51 153199
51 153606
49 13052
49 13581
49 14806
49 19340
49 20076
49 28519
49 29191
49 30546
49 33611
49 34301
49 51233
49 62318
49 62640
49 62732
49 68447
49 68833
49 72092
49 78139
49 79642
49 80207
49 81051
49 86276
49 88179
49 89802
49 101445
49 106796
49 112641
49 117934
49 144840
49 160438
54 2989
54 7147
54 24161
54 36808
54 39121
54 44163
54 44290
54 47497
54 50387
54 51930
54 52958
54 59283
54 61642
54 73258
54 74008
54 82989
54 90816
54 106605
54 130572
54 138980
54 143488
54 149723
54 150213
54 153843
54 154218
54 155664
63 464
63 668
63 1376
63 28336
63 28574
63 29609
63 32772
63 39286
63 41701
63 44385
63 45231
63 50804
63 53863
63 54356
63 54404
63 56343
63 57279
63 63933
63 67715
63 69512
63 85654
63 86670
63 87690
63 93242
63 95387
63 101243
63 102923
63 103882
63 105523
63 108490
63 108843
63 113162
63 113986
63 114272
63 115877
63 117591
63 121239
63 128109
63 146329
63 159182
63 159534
63 160130
63 168553
63 171308
63 172036
63 173746
63 177867
63 182367
63 193069
63 197227
63 200168
63 202784
63 209491
63 210532
63 210895
63 215685
63 217997
64 2907
64 12039
64 14138
64 18845
64 20460
64 39630
64 41776
64 52159
64 52240
64 60077
64 61898
64 62066
64 63230
64 63763
64 64639
64 66480
64 85471
64 102536
64 107202
64 118769
64 123248
64 133604
64 135199
64 137986
64 140370
64 142605
64 147774
64 155723
64 155973
64 156909
64 162648
64 166775
64 174026
64 178430
64 194423
64 197694
64 201283
64 202392
64 210853
64 223354
64 225079
64 225775
64 227690
64 236827
64 243371
64 247069
