53 555
53 2356
53 2795
53 3757
53 4184
53 5567
53 6414
53 6653
53 6907
53 8617
53 10563
53 10574
53 10807
53 10846
53 11549
53 11756
53 12068
53 13174
53 13437
53 13442
53 13690
53 14200
53 14339
53 16394
50 70
50 314
50 863
50 918
50 1162
50 1844
50 2173
50 2739
50 2934
50 2956
50 3102
50 3826
50 4339
50 4954
50 5307
50 5409
50 6322
50 6826
50 6848
50 7985
50 8057
50 8693
50 9090
50 9449
50 9574
50 9816
50 10382
50 10648
50 11437
50 11832
50 12910
50 13696
50 13701
50 15513
50 15991
50 16130
50 16850
50 17599
50 17876
50 18043
50 18441
50 19136
50 19375
50 19455
50 20261
50 20743
50 22150
50 22248
50 22831
50 22976
50 23155
50 23560
50 24068
50 25967
50 27508
50 27753
50 28070
50 28106
50 28824
50 29115
50 29435
50 30244
50 30361
50 30506
50 30771
50 31013
50 31517
65 1620
65 2322
65 4760
65 4978
65 5184
65 5831
65 6060
65 6324
65 6406
65 6543
65 7361
65 9878
65 10593
65 14082
65 15116
65 19156
65 19643
65 20221
65 24516
65 24834
65 24962
65 25971
65 30298
65 30556
65 31181
65 33220
65 33239
65 33305
65 34127
65 34582
65 35702
65 39387
65 44847
57 10
57 1025
57 1064
57 3432
57 5012
57 5449
57 5461
57 6901
57 8201
57 8692
57 9244
57 10587
57 10725
57 11532
57 11557
57 11626
57 11998
57 12588
57 13309
57 13428
57 13490
57 13768
57 13941
57 14548
57 14910
57 15721
57 16399
57 16667
57 18238
57 18318
57 19256
57 20144
57 20788
57 20834
57 24172
57 24843
57 26601
57 27319
57 27965
57 28716
57 29050
57 29109
57 29161
57 30295
57 30613
57 31820
57 32207
57 32378
57 34251
57 34732
57 34998
57 36513
57 36566
57 37308
57 37648
57 37860
57 39271
57 40541
57 41232
57 41400
57 41765
57 43002
57 43894
57 43966
57 46636
57 47348
57 47435
57 47594
57 47763
57 47963
57 48740
57 49837
57 50554
57 52118
52 437
52 976
52 1440
52 2632
52 2663
52 3541
52 5375
52 6215
52 6551
52 9011
52 9209
52 10000
52 12639
52 14160
52 15639
52 16620
52 17155
52 18577
52 18964
52 20525
52 21303
52 22780
52 24171
52 25410
52 26659
52 26788
52 26994
52 27186
52 27343
52 28165
52 28505
52 29233
52 30893
52 31057
52 31107
52 31596
52 32928
52 33236
52 33835
52 34127
52 34238
52 35750
52 35995
52 36147
52 36771
52 37481
52 38511
52 39591
52 41386
52 41656
52 42845
52 43195
52 44829
52 44908
52 45339
52 46059
52 46513
52 46745
52 46867
52 47204
52 47385
52 48123
52 49077
52 49704
52 49804
52 52254
52 52836
52 53021
52 54120
52 54125
52 54294
52 54744
52 54904
52 54936
52 55681
52 55926
52 56895
52 57111
52 57827
52 58088
52 58439
52 59662
52 60675
52 61091
52 62810
52 63579
52 64266
52 65177
52 66155
54 319
54 3085
54 3971
54 4550
54 4981
54 5340
54 6763
54 6786
54 6993
54 7513
54 9723
54 10012
54 10432
54 10548
54 11008
54 11063
54 11174
54 11391
54 11570
54 12086
54 13066
54 13164
54 13250
54 13633
54 13889
54 13923
54 15820
54 16064
54 17911
54 18036
54 18129
54 19306
54 19359
54 19770
54 20297
54 20405
54 21263
54 21388
54 23569
54 23789
54 24189
54 24378
54 25720
54 25807
54 25846
54 26265
54 26645
54 26949
54 27147
54 27830
54 29734
54 30313
54 30350
54 30402
54 31105
54 31107
54 31765
54 31846
54 31920
54 32570
54 33243
54 33749
54 34346
54 34665
54 34876
54 35630
54 35952
54 36332
54 36619
54 36802
54 37441
54 37846
54 37948
54 38148
54 38289
54 38316
54 38398
54 38643
54 39155
54 39400
54 41540
54 42620
54 42725
54 43132
54 44668
54 45150
54 45378
54 45476
54 46198
54 47179
54 47210
54 47803
54 48129
54 48292
54 48388
54 49592
54 50719
54 51061
54 51733
54 53770
54 54110
54 54308
54 55729
54 56014
54 56559
54 57224
54 57780
54 57949
54 58257
54 58782
54 62119
54 62800
54 64213
54 64279
54 64683
54 65102
54 65121
54 65306
54 65740
54 65813
54 65992
54 66002
54 66164
54 69416
54 69554
54 69734
54 71371
54 71466
54 73299
54 73372
54 74225
54 74288
54 74529
54 76896
54 77009
54 77678
54 78601
54 79246
54 80279
54 80562
54 80566
54 81967
54 82020
54 82283
54 82346
54 83560
54 85160
54 85639
54 87281
54 88033
54 88078
54 88500
54 88840
54 89510
54 89661
54 89885
54 92650
54 93186
54 93292
54 95363
54 95425
54 96297
54 96755
54 97121
54 97392
54 97870
54 98236
54 99473
54 100478
54 102238
54 103068
54 104608
54 106325
54 107140
54 107201
54 107510
54 108462
54 109095
54 110666
54 110773
54 111681
54 111724
54 113368
54 113639
54 114060
54 114183
54 114281
54 115356
54 116316
54 116472
54 117264
54 117895
54 118093
54 118841
54 121968
54 122378
54 123019
54 123957
54 124431
54 126222
54 126449
54 127844
54 128697
54 129905
54 131513
54 131591
54 132545
54 132912
54 133452
54 134504
54 135261
54 135937
54 136093
54 137336
54 137427
54 137742
54 138059
54 138436
54 139461
54 139793
54 141157
54 142338
54 142461
54 143550
54 144560
54 145561
54 146003
54 146087
54 147005
54 147691
54 148076
54 149059
54 150077
54 151159
54 153427
54 153726
54 153936
54 154236
54 155267
54 155854
54 157901
54 158974
54 159139
54 159195
54 159382
54 159596
54 159814
54 159904
54 160105
54 162988
54 166388
54 166868
54 167315
54 167815
60 295
60 886
60 3110
60 3482
60 3839
60 3925
60 4634
60 6557
60 6950
60 7211
60 7613
60 8293
60 9054
60 9174
60 10154
60 10371
60 10744
60 11496
60 11951
60 12139
60 13193
60 14374
60 14508
60 14613
60 15864
60 16795
60 18686
60 19962
60 20181
60 20758
60 21543
60 22166
60 22325
60 22429
60 24538
60 24548
60 26294
60 26490
60 26926
60 27751
60 27891
60 28022
60 28386
60 28832
60 29457
60 30794
60 31110
60 31311
60 31625
60 32298
60 33433
60 33674
60 33984
60 36148
60 36725
60 38030
60 38388
60 39262
60 39376
60 39831
60 39982
60 40631
60 40673
60 40887
60 41228
60 42288
60 43517
60 43595
60 43955
60 44058
60 45987
60 46185
60 46366
60 47380
60 48314
60 48331
60 50317
60 54097
60 54542
60 54710
60 56831
60 57009
60 57451
60 58422
60 58666
60 58956
60 60630
60 61208
60 62040
60 62178
60 65396
60 65912
60 67348
60 68029
60 68178
60 68370
60 69429
60 69697
60 70354
60 72750
60 72842
60 75552
60 76953
60 77486
60 78203
60 79273
60 79346
60 79611
60 81184
60 81469
60 81492
60 81728
60 82437
60 82628
60 83219
60 84252
60 84924
60 85452
60 86556
60 86683
60 87063
60 88939
60 88984
60 89529
60 89767
60 89863
60 90051
60 90476
60 91533
60 96419
60 97570
60 97601
60 97775
60 98278
60 98927
60 100314
60 100489
60 100753
60 101192
60 102435
60 103217
60 104762
60 104797
60 107868
60 108030
60 108439
60 110348
60 111742
60 112094
60 113034
60 113566
60 114190
60 116619
60 117545
60 118003
60 118633
60 118971
60 120332
60 120673
60 121336
60 122215
60 122276
60 122575
60 123123
60 123176
60 124795
60 125583
60 130988
60 131455
60 131820
60 134849
60 134928
60 137474
60 138693
56 170
56 1739
56 1911
56 2636
56 3020
56 4074
56 4338
56 5155
56 7938
56 8263
56 9200
56 10244
56 11189
56 11286
56 12217
56 12633
56 13221
56 13515
56 16474
56 16576
56 18077
56 18868
56 19058
56 20629
56 20748
56 20766
56 20920
56 21412
56 21627
56 22089
56 23409
56 23504
56 23785
56 23873
56 24033
56 24537
56 25354
56 26595
56 26661
56 26915
56 27132
56 27853
56 28269
56 29448
56 29587
56 30500
56 31313
56 33853
56 34421
56 34568
56 35581
56 35668
56 35782
56 35816
56 36549
56 36995
56 37360
56 37982
56 38406
56 38896
56 40049
56 40439
56 41426
56 41770
56 41858
56 41914
56 42642
56 43356
56 43488
56 43690
56 46157
56 46328
56 46985
56 47112
56 47676
56 50652
56 50766
56 51668
56 51898
56 52425
56 53784
56 53843
56 54307
56 54881
56 56953
56 57369
56 57634
56 58584
56 60216
56 60963
56 61082
56 62097
56 62145
56 62348
56 65496
56 66924
56 67182
56 67355
56 67579
56 67751
56 68171
56 68354
56 68472
56 69118
56 70164
56 70363
56 70566
56 70762
56 71114
56 71469
56 71538
56 71543
56 72399
56 72605
56 72998
56 73229
56 74269
56 75455
56 76417
56 76619
56 77023
56 77476
56 78907
56 79285
56 79972
56 80177
56 80208
56 80498
56 80643
56 80689
56 82830
56 83229
56 83642
56 84572
56 85102
56 86187
56 86561
56 87233
56 88306
56 89470
56 90198
56 90981
56 91763
56 92236
56 92490
56 93510
56 93934
56 94457
56 97371
56 97779
56 97888
56 97923
56 98410
56 99001
56 99151
56 99893
56 100185
56 102418
56 102652
56 103082
56 103560
56 104916
56 105325
56 105420
56 105706
56 106404
56 106861
56 109148
56 109166
56 109245
56 109378
56 109480
56 110079
56 110502
56 111137
56 111345
56 112179
56 112367
56 113202
56 113749
56 115156
56 115171
56 116704
56 120490
56 120655
56 121034
56 122152
56 123176
56 124733
56 125845
56 126887
56 127396
56 127714
56 128035
56 129609
56 129922
56 131813
56 132864
56 132960
56 133448
56 134365
56 134789
56 135138
56 136412
56 136955
56 137502
56 139064
56 139414
56 139914
56 142732
56 143143
56 143289
56 143585
56 143731
56 144081
56 144212
56 144963
56 145479
56 146577
56 146707
56 146975
58 1072
58 1269
58 1341
58 1603
58 3700
58 3835
58 5941
58 6584
58 6944
58 7163
58 7406
58 7472
58 9100
58 10153
58 10682
58 11022
58 11264
58 11399
58 12977
58 14709
58 15032
58 15733
58 16078
58 16614
58 20075
58 21056
58 21165
58 21260
58 23978
58 25992
58 28019
58 28324
58 30109
58 30309
58 30586
58 33747
58 33813
58 34063
58 34243
58 34332
58 35166
58 37165
58 38248
58 39175
58 39642
58 40612
58 41063
58 41497
58 43186
58 43924
58 44387
58 45923
58 45974
58 46201
58 46521
58 46846
58 49253
58 49273
58 50349
58 50771
58 51907
58 53355
58 54788
58 54894
58 55622
58 55689
58 56682
58 57114
58 57507
58 58353
58 58458
58 59332
58 62387
58 64504
58 64579
58 64975
58 66267
58 66668
58 66836
58 68393
58 68921
58 69612
58 69726
58 70617
58 71349
58 71380
58 71407
58 72927
58 73492
58 73612
58 74534
58 74706
58 76169
58 78432
58 78483
58 79546
58 80548
58 81402
58 81477
58 81898
58 82725
58 82881
58 83131
58 83303
58 83550
58 84047
58 85558
58 85833
58 86346
58 86656
58 86858
58 87127
58 87964
58 88462
58 89111
58 90076
58 90316
58 90795
58 90968
58 91365
58 91441
58 91812
58 92099
58 92324
58 94041
58 94977
58 95411
58 96122
58 96668
58 97366
58 100327
58 101552
58 102244
58 102276
58 102704
58 103752
58 104152
58 104623
58 104656
58 105366
58 105853
58 106834
58 107488
58 108456
58 109058
58 111162
58 111415
58 112198
58 112230
58 112632
58 113664
58 113914
58 114221
58 115508
58 115513
58 116140
58 116201
58 116795
58 116924
58 117530
58 117836
58 118161
58 118243
58 118923
58 122435
58 122455
58 123894
58 124014
58 124630
58 125259
58 125290
58 125411
58 126650
58 126726
58 128744
58 129148
58 130453
58 131620
58 131827
58 133596
58 133821
49 439
49 484
49 641
49 1179
49 2115
49 2970
49 3782
49 4158
49 5211
49 5218
49 6013
49 6041
49 6311
49 6353
49 6621
49 6768
49 6841
49 6986
49 7235
49 7964
49 7978
49 8590
49 8665
49 9303
49 10057
49 10326
49 11056
49 11703
49 12235
49 13074
49 13081
49 13746
49 13900
49 14413
49 14440
49 15281
49 15291
49 15362
49 15754
49 15865
49 16014
49 16083
49 16117
49 17754
49 18441
49 19641
49 20121
49 20649
49 21112
49 21188
49 21278
49 22000
49 22135
49 22327
49 22451
49 24600
49 24828
49 25173
49 25864
49 26233
49 26238
49 26460
49 26485
49 26604
49 26638
49 26687
49 26795
49 26960
49 27294
49 27412
49 27781
49 27798
49 29216
49 29512
49 29518
49 29567
49 30112
49 30199
49 30993
49 32029
49 32842
49 34627
49 34736
49 35968
49 36121
49 37268
49 37287
49 37551
49 38296
49 38431
49 38487
49 39362
49 39896
49 40020
49 40378
49 41663
49 41788
49 45170
49 45939
49 47265
49 48294
49 49823
49 52147
49 52219
49 52621
49 53336
49 53735
49 57330
49 57589
49 58135
49 58281
49 58432
49 59114
49 59339
49 59477
49 61484
49 61514
49 61704
49 61780
49 61937
49 63768
49 64360
49 66588
49 66603
49 66712
49 67344
49 67481
49 68464
49 68482
49 68558
49 69038
49 69123
49 69218
49 69338
49 69550
49 69768
49 70508
49 71209
49 71975
49 72583
49 72977
49 72979
49 73401
49 74764
49 74985
49 75130
49 75244
49 75264
49 75832
49 75996
49 76064
49 77711
49 77888
49 78162
49 79726
49 79987
49 80282
49 80363
49 81068
49 81204
49 81526
49 81530
49 81777
49 82224
49 82533
49 83909
49 84550
49 84885
49 85414
49 85561
49 86056
49 86562
49 87600
49 87776
49 87837
49 87950
49 88223
49 88233
49 88971
49 89276
49 89950
49 90159
49 90237
49 90368
49 91290
49 91813
49 91877
49 92057
49 92654
49 92737
49 92750
49 92953
49 92976
49 93054
49 93347
49 94779
49 95064
49 95377
49 96889
49 97008
49 98164
49 98197
49 98316
49 98346
49 98493
49 99134
49 99466
49 100429
49 100588
49 101213
49 101390
49 101475
49 102411
49 102531
49 103767
49 104009
49 104222
49 104229
49 104999
49 105378
49 105999
49 106027
49 106467
49 107038
49 107099
49 107379
49 108124
49 108281
49 109255
49 109378
49 109648
49 109671
49 110511
49 110739
49 110762
49 111835
49 113838
49 116139
49 116481
49 117072
49 117412
49 117897
49 117963
49 118190
49 119646
49 119893
49 120420
49 120740
49 121229
49 121766
49 121997
49 122079
49 123701
49 123813
49 124206
49 124869
49 125010
49 125763
49 125822
49 125923
49 126099
49 126883
49 127144
49 127742
49 129193
49 129521
49 130329
49 130590
49 131721
49 132661
49 132802
49 133029
49 133378
49 133571
49 135121
49 135345
49 135555
49 136070
49 137225
49 137940
49 138653
49 139205
49 140132
49 140682
49 141066
49 141110
49 141598
49 142211
49 144716
49 144939
49 146482
49 146969
49 147900
49 148604
49 150290
49 151186
49 152840
49 152918
49 153022
49 154598
49 154762
49 154786
49 154846
49 154964
49 155402
49 155757
49 156368
49 156856
49 157834
49 158380
49 159392
49 160345
49 160727
49 160787
59 198
59 852
59 1339
59 1352
59 2224
59 2613
59 2663
59 3467
59 3774
59 5355
59 6569
59 7132
59 8505
59 8947
59 9434
59 9575
59 9719
59 9897
59 9970
59 9984
59 10193
59 10264
59 10487
59 13479
59 14059
59 14532
59 14887
59 15136
59 15850
59 17497
59 19539
59 19970
59 21446
59 21542
59 21858
59 22178
59 22569
59 23276
59 24199
59 24339
59 24630
59 25404
59 25715
59 25957
59 26415
59 28253
59 29818
59 30603
59 30837
59 35885
59 37528
59 37695
59 39996
59 41854
59 42109
59 42709
59 43526
59 45376
59 47436
59 47823
59 48408
59 49585
59 50338
59 51322
59 51642
59 53248
59 53309
59 54933
59 56449
59 57637
59 59497
59 59534
59 59575
59 59730
59 60906
59 61430
59 61521
59 61537
59 62542
59 62551
59 63040
59 63704
59 63936
59 64180
59 64322
59 64364
59 65028
59 68915
59 69865
59 70852
59 72006
59 74124
59 77853
59 78034
59 79041
59 79464
59 81829
59 82071
59 82511
59 84659
59 84914
59 85390
59 85792
59 86246
59 86261
59 86827
59 88257
59 88630
59 89711
59 89844
59 90529
59 91934
59 92150
59 94460
59 94614
59 94654
59 95915
59 96851
59 96957
59 96979
59 97766
59 98926
59 99530
59 99532
59 101367
59 101463
59 101699
59 101812
59 102706
59 103562
59 104404
59 105736
59 106492
59 106922
59 108606
59 108852
59 109542
59 109718
59 110236
59 110387
59 110587
59 111730
59 112047
59 112155
59 113524
59 114939
59 116226
59 116234
59 116986
59 117781
59 117820
59 117972
59 118288
59 120409
59 121809
59 121914
59 121990
59 122490
59 124829
59 124915
59 125277
59 125880
59 126337
59 126630
59 126937
59 126985
59 127272
59 127768
59 128091
59 128264
59 128710
59 130606
59 130675
59 132097
59 133140
59 133267
59 134149
59 134161
59 137246
59 137457
59 139176
59 139288
59 140849
59 141036
59 143325
59 144537
59 145496
59 146022
59 146860
59 146926
59 147092
59 148322
59 149780
59 150337
59 151558
59 151582
59 151778
59 152781
59 152840
59 153113
59 153967
59 154113
59 154882
59 155085
59 155408
59 155603
59 156316
63 208
63 1605
63 5046
63 7433
63 9866
63 12122
63 12323
63 16219
63 16929
63 17015
63 17305
63 20423
63 20556
63 21497
63 23855
63 24290
63 24624
63 26693
63 27480
63 27907
63 28029
63 30871
63 31494
63 31985
63 32415
63 35308
63 44147
63 48525
63 51248
63 56256
63 58052
63 58369
63 58946
63 59957
63 61205
63 62339
63 62388
63 62934
63 63951
63 66037
63 68693
63 68760
63 72738
63 78211
63 80655
63 82765
63 82924
63 84451
63 85088
63 89066
63 90645
63 91319
63 91324
63 91590
63 92920
63 94283
63 94629
63 98208
63 99252
63 100301
63 100357
63 101947
63 102187
63 102640
63 105304
63 106477
63 110949
63 116966
63 117064
63 119320
63 122302
63 123609
63 128382
63 129129
63 129287
63 130636
63 132260
63 133048
63 136498
63 136902
63 137908
63 140213
63 141149
63 141437
63 145052
63 146228
63 150322
63 153587
63 154091
63 154158
63 155483
63 155677
63 155804
63 158009
63 160835
63 162911
63 166110
63 170419
63 174142
63 178425
63 178728
63 181623
63 185562
63 187225
63 187228
63 188595
63 190729
63 192304
63 196051
63 196448
63 196525
63 199600
63 200781
63 200872
63 200875
63 202245
63 204334
63 205392
63 207545
63 208116
63 208965
63 209351
63 213649
63 214552
63 215248
63 216490
63 217114
63 217301
63 218224
63 219208
51 231
51 687
51 977
51 2110
51 2349
51 2609
51 2611
51 2873
51 2876
51 3516
51 4140
51 4374
51 4781
51 5047
51 6027
51 6514
51 7646
51 8498
51 10042
51 11244
51 13159
51 13181
51 13316
51 13978
51 14088
51 14694
51 14889
51 15017
51 15324
51 15839
51 16586
51 17228
51 17507
51 17722
51 18558
51 18794
51 18883
51 19152
51 20031
51 21437
51 21558
51 21777
51 22317
51 23005
51 23615
51 23900
51 24750
51 25222
51 25506
51 26411
51 26714
51 27499
51 27723
51 28413
51 28916
51 31638
51 32110
51 35477
51 39256
51 39389
51 40232
51 41082
51 41299
51 42598
51 43598
51 43934
51 44650
51 45386
51 45733
51 45837
51 46697
51 48192
51 49592
51 51223
51 53479
51 55282
51 56083
51 56786
51 57167
51 57947
51 58164
51 59679
51 59801
51 60988
51 61106
51 61642
51 61703
51 61730
51 62227
51 62617
51 63626
51 63700
51 63751
51 63785
51 64198
51 66224
51 66319
51 66448
51 66744
51 67015
51 67783
51 67907
51 68095
51 69349
51 70970
51 71015
51 72225
51 72936
51 73811
51 74092
51 74149
51 74373
51 74834
51 78638
51 78678
51 79026
51 79115
51 79334
51 79366
51 80033
51 80904
51 81908
51 81925
51 82662
51 82986
51 83100
51 84090
51 84490
51 84730
51 85162
51 85446
51 86378
51 86487
51 88501
51 88790
51 89057
51 89193
51 89698
51 90642
51 90702
51 92001
51 92094
51 93488
51 94340
51 95237
51 95287
51 96063
51 96258
51 97040
51 97938
51 98759
51 100113
51 101351
51 103075
51 103086
51 103192
51 103342
51 103556
51 104153
51 104413
51 104466
51 105750
51 105900
51 105951
51 106403
51 107068
51 107480
51 107929
51 108232
51 108536
51 108799
51 109583
51 109794
51 109927
51 110103
51 110508
51 110903
51 111997
51 113026
51 113179
51 113218
51 114270
51 114425
51 114575
51 115094
51 115486
51 115818
51 115841
51 115978
51 116075
51 116509
51 117113
51 118645
51 119623
51 119833
51 121479
51 122379
51 123725
51 123774
51 123858
51 124414
51 124508
51 124710
51 124883
51 125016
51 125758
51 126423
51 126650
51 127322
51 127670
51 128449
51 129633
51 130076
51 131124
51 131449
51 131798
51 133335
51 134419
51 135655
51 136355
51 136859
51 138492
51 138544
51 138612
51 139271
51 139504
51 140350
51 140982
51 141324
51 142103
51 142537
51 143418
51 144646
51 144670
51 144678
51 144681
51 145063
51 145347
51 146637
51 147093
51 147133
51 147173
51 147937
51 148088
51 148285
51 148964
51 150613
51 150684
51 150803
51 150891
51 151848
51 152441
51 152848
51 153230
51 154238
51 154348
51 154754
51 155718
51 156537
51 156632
51 156759
51 156821
51 157027
51 158229
51 158407
51 158951
51 159956
51 162199
51 162765
51 163007
51 163402
51 164716
51 165945
55 795
55 1298
55 1386
55 1429
55 2844
55 3469
55 4189
55 4273
55 4772
55 5121
55 5914
55 6446
55 7957
55 9317
55 9915
55 11928
55 12066
55 12391
55 12936
55 14568
55 14732
55 15375
55 15518
55 15709
55 16227
55 16517
55 17319
55 17629
55 17806
55 18037
55 18095
55 18376
55 18876
55 19167
55 19376
55 20114
55 22045
55 22924
55 22952
55 23022
55 23513
55 24111
55 25501
55 26699
55 27530
55 28839
55 28953
55 29146
55 29189
55 29758
55 29897
55 30584
55 30683
55 31784
55 33341
55 34040
55 34122
55 34244
55 34434
55 34918
55 35655
55 37034
55 38336
55 38837
55 39171
55 39442
55 40387
55 42323
55 42335
55 43353
55 44062
55 44724
55 47579
55 48385
55 49214
55 49451
55 50814
55 51716
55 51859
55 52865
55 53082
55 55295
55 55481
55 56343
55 56706
55 57159
55 57372
55 57956
55 58092
55 58653
55 59100
55 59202
55 59985
55 60862
55 61530
55 62643
55 62905
55 63812
55 64897
55 65944
55 66143
55 66591
55 67200
55 67546
55 67663
55 67877
55 68353
55 68470
55 69639
55 69695
55 70705
55 72383
55 73437
55 73520
55 74531
55 74620
55 74687
55 76390
55 77466
55 77927
55 78287
55 79041
55 79720
55 80269
55 80836
55 81619
55 81876
55 82244
55 82372
55 82800
55 83071
55 84078
55 85586
55 87156
55 87166
55 87263
55 87419
55 87769
55 88624
55 88657
55 89068
55 89989
55 90117
55 90979
55 91874
55 91984
55 92602
55 92768
55 93434
55 93531
55 93566
55 94770
55 96551
55 97205
55 98016
55 99784
55 100036
55 100780
55 101050
55 101288
55 101768
55 102191
55 104202
55 107222
55 107437
55 107597
55 107931
55 108923
55 109412
55 110001
55 110544
55 111637
55 113934
55 114083
55 116076
55 117370
55 118122
55 118272
55 118444
55 120049
55 120236
55 120573
55 120682
55 121148
55 121456
55 122713
55 122773
55 123721
55 124669
55 124863
55 126354
55 126564
55 127407
55 127689
55 128142
55 129260
55 130050
55 130839
55 131093
55 131344
55 131395
55 132763
55 133193
55 136509
55 137400
55 138470
55 138702
55 139065
55 140150
55 140336
55 141990
55 143132
55 143152
55 143646
55 144366
55 145450
55 145655
55 146982
55 147025
55 148212
55 149625
55 150050
55 150052
61 345
61 727
61 942
61 1105
61 1111
61 1683
61 2051
61 2269
61 2768
61 3658
61 3700
61 4110
61 4994
61 5107
61 5242
61 5695
61 7365
61 8184
61 8733
61 8760
61 8861
61 10031
61 10733
61 11440
61 11782
61 12415
61 13558
61 14496
61 15264
61 15724
61 16866
61 17103
61 17127
61 17146
61 17899
61 19187
61 19900
61 20728
61 21601
61 22815
61 22854
61 23025
61 23165
61 24630
61 24830
61 25659
61 26077
61 26462
61 26493
61 27539
61 27628
61 27643
61 30526
61 30883
61 31726
61 32130
61 33664
61 34755
61 36233
61 36377
61 37068
61 39292
61 40004
61 40990
61 41720
61 42535
61 43401
61 44011
61 44133
61 45523
61 45685
61 46643
61 47839
61 50008
61 50977
61 53184
61 53361
61 53708
61 53901
61 54797
61 56155
61 56790
61 57637
61 57991
61 59418
61 61013
61 62800
61 62971
61 63666
61 64494
61 66038
61 66520
61 67044
61 67090
61 67597
61 70094
61 70151
61 71360
61 71731
61 72263
61 72895
61 73431
61 74641
61 76331
61 76552
61 77335
61 78035
61 78493
61 78873
61 79955
61 80040
61 80514
61 80775
61 81462
61 82036
61 82149
61 82155
61 82628
61 82841
61 82849
61 82948
61 83847
61 84590
61 85360
61 85893
61 86299
61 88676
61 89286
61 89354
61 89381
61 89415
61 90278
61 90710
61 91028
61 91473
61 91877
61 91990
61 92550
61 93083
61 94952
61 94960
61 95777
61 95927
61 98983
61 99299
61 99775
61 99877
61 101163
61 101241
61 102036
61 102250
61 102260
61 102488
61 103183
61 103822
61 104413
61 104598
61 105631
61 106963
61 107384
61 107610
61 107656
61 109212
61 109265
61 109893
61 110450
61 113258
61 113601
61 113737
61 113805
61 114086
61 114417
61 114678
61 115433
61 116294
61 116661
61 117149
61 117277
61 117402
61 117899
61 117931
61 118024
61 118676
61 119416
61 119476
61 120005
61 121494
61 121559
61 121734
61 121924
61 122228
61 122514
61 123053
61 123280
61 123377
61 124374
61 124745
61 125074
61 125156
61 125184
61 125519
61 126088
61 126254
61 126269
61 126798
61 126936
61 127382
61 127792
61 128022
61 128198
61 128332
61 128535
61 128768
61 129085
61 129128
61 132046
61 132766
61 132853
61 132977
61 133031
61 133166
61 134379
61 135301
61 136505
61 138041
61 138065
61 139486
61 139640
61 139958
61 140757
61 141809
61 142733
61 143132
61 143855
61 144534
61 145842
61 146960
61 147136
61 147173
61 148241
61 148456
61 148816
61 150226
61 150561
61 151094
61 152765
61 153668
61 153706
61 153894
61 153967
61 154891
61 155049
61 155402
61 155587
61 155928
61 157657
61 157881
61 161274
61 162144
61 162993
64 1392
64 1954
64 2043
64 2584
64 3147
64 3239
64 3991
64 4271
64 4655
64 4998
64 5524
64 6500
64 7926
64 8579
64 11617
64 12562
64 12578
64 13344
64 16704
64 18496
64 18544
64 21057
64 21233
64 22226
64 23961
64 25784
64 28320
64 30332
64 30680
64 31698
64 32276
64 33763
64 35949
64 36006
64 37133
64 39559
64 42374
64 43756
64 46879
64 47125
64 49302
64 51763
64 53798
64 54959
64 55362
64 59310
64 60209
64 64287
64 65710
64 73406
64 74297
64 81258
64 84376
64 84479
64 84915
64 85921
64 88003
64 89210
64 90225
64 96570
64 99876
64 101891
64 106607
64 108679
64 112827
64 114966
64 114993
64 115256
64 116574
64 119350
64 119360
64 119708
64 122760
64 123566
64 125979
64 127853
64 127960
64 129171
64 129732
64 130434
64 133105
64 133848
64 133886
64 133957
64 135708
64 136661
64 138744
64 140342
64 140867
64 140971
64 141005
64 141542
64 141685
64 143963
64 146520
64 149430
64 150374
64 155857
64 158065
64 159571
64 160924
64 161659
64 162389
64 162887
64 168976
64 169763
64 172990
64 173394
64 173817
64 174823
64 175747
64 177820
64 178364
64 179838
64 183494
64 187915
64 191979
64 192031
64 196450
64 196867
64 199493
64 204513
64 206228
64 206371
64 208100
64 208885
64 208988
64 209078
64 209129
64 209207
64 209471
64 211756
64 212539
64 214757
64 220315
64 222615
64 226697
64 227849
64 227987
64 228918
64 229299
64 231489
64 232866
64 236350
64 237546
64 237858
64 240067
64 240350
64 246145
64 249115
64 250209
64 250770
