53 1008
53 1574
53 1806
53 2092
53 2555
53 3198
53 4377
53 5404
53 5971
53 6235
53 9109
53 10777
53 11442
53 12667
53 14258
53 15075
53 15844
50 986
50 992
50 1103
50 1235
50 1450
50 1689
50 2479
50 2523
50 4377
50 4716
50 5401
50 5861
50 6114
50 6356
50 6708
50 9239
50 9314
50 10443
50 10907
50 12689
50 12827
50 13866
50 15295
50 15584
50 16968
50 17061
50 17249
50 17549
50 17938
50 18535
50 19575
50 20750
50 21205
50 22894
50 23243
50 26648
50 26939
50 27985
50 32523
65 1186
65 3969
65 8087
65 8781
65 8886
65 9361
65 9826
65 10004
65 12926
65 13394
65 13855
65 14515
65 15330
65 15390
65 15454
65 16310
65 16511
65 17257
65 17340
65 18345
65 18520
65 20075
65 20464
65 21663
65 22192
65 22463
65 22780
65 22888
65 24089
65 24111
65 24223
65 25890
65 28814
65 29040
65 29748
65 30140
65 30676
65 32100
65 33710
65 34596
65 34964
65 35769
65 36455
65 38097
65 39382
65 39972
65 40383
65 40621
65 40711
65 42317
65 42669
65 44320
65 45579
65 45702
65 45718
65 45813
65 46319
65 46509
65 48395
65 49585
65 49946
57 2012
57 2304
57 2417
57 7228
57 9075
57 9985
57 10517
57 10653
57 11318
57 13232
57 14818
57 15179
57 15803
57 16800
57 17254
57 17260
57 17578
57 17694
57 18101
57 19011
57 19785
57 19926
57 20825
57 21563
57 22247
57 22330
57 22366
57 22658
57 23772
57 23835
57 25516
57 26688
57 27869
57 29833
57 30312
57 32350
57 33735
57 34887
57 35063
57 35162
57 35952
57 37072
57 38497
57 38593
57 41347
57 41482
57 42265
57 43087
57 43232
57 45548
57 45583
57 45818
57 47585
57 47629
57 49195
57 51713
57 51758
57 52110
57 52227
57 52883
52 1163
52 1374
52 2197
52 2711
52 4684
52 5148
52 5301
52 8671
52 9268
52 9285
52 9955
52 10787
52 11562
52 14532
52 15989
52 16295
52 18116
52 21331
52 21990
52 22977
52 24336
52 24619
52 25951
52 27880
52 28668
52 30153
52 30399
52 31415
52 32141
52 32313
52 32442
52 32673
52 32855
52 32879
52 35109
52 35264
52 35372
52 35753
52 36549
52 36739
52 37052
52 38560
52 40186
52 40965
52 43803
52 45929
52 46021
52 49814
52 50002
52 50496
52 50787
52 50810
52 51952
52 53200
52 53294
52 55105
52 56193
52 56725
52 57207
52 59094
52 60808
52 60820
52 63606
52 66371
52 66788
58 1237
58 4165
58 5155
58 5181
58 7498
58 10417
58 11860
58 12155
58 12795
58 12878
58 13143
58 14657
58 15150
58 16115
58 16995
58 17193
58 19789
58 20041
58 22456
58 22521
58 22726
58 24309
58 24630
58 25281
58 25723
58 26931
58 27506
58 28590
58 29719
58 30464
58 30801
58 30840
58 31604
58 31723
58 33862
58 35175
58 36489
58 37254
58 37887
58 38303
58 38829
58 39852
58 40136
58 40568
58 41092
58 41800
58 42119
58 42255
58 44065
58 44589
58 44652
58 45695
58 46318
58 46488
58 47179
58 49091
58 49692
58 49949
58 50829
58 51047
58 51065
58 51227
58 51448
58 52041
58 52303
58 53377
58 53922
58 53947
58 54352
58 55426
58 56799
58 58700
58 60190
58 60455
58 61653
58 61795
58 61834
58 62357
58 62486
58 63311
58 65469
58 66243
58 67996
58 68942
58 70215
58 70547
58 71043
58 71223
58 71279
58 71967
58 72634
58 73566
58 74472
58 77200
58 77304
58 77335
58 77640
58 79600
58 81722
58 81901
58 83174
58 84779
58 86214
58 86237
58 86747
58 87095
58 88094
58 90090
58 90112
58 90787
58 91429
58 91891
58 92214
58 93536
58 93541
58 93778
58 97071
58 99401
58 99933
58 101556
58 102132
58 102995
58 103422
58 103429
58 105564
58 108070
58 108893
58 109407
58 111341
58 112007
58 112440
58 113726
58 114890
58 115615
58 115776
58 116079
58 117808
58 117913
58 118145
58 120824
58 121004
58 121813
58 124990
58 125712
58 126734
58 127456
58 127589
58 128367
58 130436
58 131386
58 131439
58 132914
58 133385
58 133592
60 2428
60 2511
60 3056
60 3067
60 3199
60 4108
60 4752
60 6332
60 9850
60 13056
60 14339
60 14625
60 15454
60 16609
60 16694
60 18219
60 18272
60 20957
60 22873
60 23760
60 25949
60 26147
60 26190
60 26565
60 30329
60 30413
60 30871
60 33508
60 35018
60 36012
60 36760
60 37149
60 38797
60 38941
60 39240
60 39940
60 42984
60 43384
60 44688
60 45038
60 49777
60 52119
60 52357
60 52621
60 53166
60 54334
60 55689
60 55765
60 55974
60 56853
60 56870
60 57234
60 58067
60 58319
60 59060
60 61476
60 63815
60 65294
60 65733
60 66360
60 66526
60 70123
60 71486
60 72536
60 74480
60 79572
60 79835
60 80152
60 80483
60 82646
60 82839
60 82962
60 83424
60 83880
60 84080
60 84244
60 84407
60 85089
60 85431
60 85627
60 86154
60 86234
60 86286
60 88786
60 90770
60 91038
60 91373
60 91541
60 94929
60 94985
60 95824
60 95906
60 96407
60 96611
60 96920
60 98536
60 99166
60 99256
60 99307
60 101755
60 103748
60 105860
60 105968
60 106053
60 106292
60 107397
60 107993
60 109699
60 109715
60 109933
60 112177
60 113009
60 113346
60 114108
60 117677
60 117856
60 118152
60 118273
60 119028
60 119098
60 120382
60 120862
60 121046
60 122279
60 123393
60 123829
60 123988
60 125023
60 125027
60 125490
60 125641
60 127629
60 128493
60 128589
60 128946
60 129003
60 129802
60 130923
60 131419
60 132422
60 132459
60 133984
60 134305
60 134641
60 134810
60 135940
60 136386
60 137685
60 139213
56 94
56 1050
56 1727
56 3666
56 6165
56 12676
56 12766
56 13256
56 13430
56 14391
56 15703
56 16091
56 17357
56 17582
56 18596
56 18706
56 21633
56 24198
56 25901
56 26004
56 29011
56 30371
56 30791
56 34235
56 35014
56 36188
56 36634
56 37368
56 39077
56 39230
56 40426
56 40626
56 40919
56 40993
56 41455
56 41843
56 44233
56 44304
56 44398
56 44958
56 45197
56 45620
56 45872
56 48589
56 49435
56 50993
56 52355
56 52947
56 53326
56 53329
56 54782
56 56229
56 58458
56 58972
56 59506
56 60096
56 60168
56 61803
56 63475
56 65993
56 67980
56 68748
56 69434
56 73789
56 74238
56 75629
56 75805
56 76053
56 78537
56 79140
56 79155
56 79631
56 80841
56 81291
56 81329
56 81533
56 81935
56 83049
56 83847
56 83851
56 84387
56 84958
56 85932
56 86719
56 87135
56 87796
56 88280
56 89449
56 93040
56 94132
56 95764
56 96210
56 96360
56 97240
56 98620
56 100730
56 101874
56 102982
56 105389
56 105436
56 106098
56 107314
56 107671
56 107799
56 108739
56 109711
56 109984
56 110420
56 111032
56 112100
56 112509
56 115739
56 119960
56 120293
56 121238
56 121879
56 122237
56 122323
56 124225
56 125023
56 125181
56 125753
56 126793
56 128014
56 128694
56 132191
56 135212
56 135862
56 135938
56 136431
56 136739
56 136981
56 137691
56 141968
56 142760
56 142959
56 143751
56 143847
56 144608
56 144866
56 145795
56 146839
56 147819
56 148082
55 2487
55 2595
55 2627
55 3080
55 4111
55 6057
55 7615
55 10062
55 10587
55 11579
55 11959
55 12646
55 13222
55 15787
55 15821
55 16855
55 18796
55 22235
55 22684
55 23054
55 23057
55 24011
55 24292
55 24852
55 27127
55 28055
55 29066
55 29372
55 29564
55 32479
55 32946
55 33291
55 33555
55 34800
55 35626
55 35747
55 36092
55 36327
55 38535
55 38727
55 38735
55 42843
55 43477
55 43612
55 43909
55 44140
55 44330
55 44962
55 45326
55 45954
55 46245
55 51077
55 51419
55 51531
55 51844
55 52193
55 52621
55 52694
55 53874
55 54073
55 54353
55 54628
55 55002
55 55259
55 56089
55 57445
55 58743
55 58756
55 60612
55 60632
55 61015
55 61355
55 65874
55 66265
55 67005
55 70567
55 70706
55 72142
55 72474
55 72875
55 72927
55 73464
55 75647
55 75666
55 76000
55 76012
55 76034
55 76193
55 76345
55 77729
55 78958
55 79527
55 81555
55 81837
55 81945
55 82130
55 82752
55 83199
55 83651
55 83692
55 85610
55 86084
55 88835
55 89295
55 89700
55 90734
55 91032
55 92029
55 92682
55 92725
55 92877
55 93267
55 94205
55 94361
55 94721
55 95249
55 96405
55 97195
55 98666
55 98688
55 99822
55 100790
55 101710
55 105632
55 106370
55 106382
55 108044
55 108171
55 108941
55 109281
55 109537
55 110327
55 110672
55 110795
55 111660
55 112623
55 113530
55 114000
55 115234
55 115970
55 116968
55 117108
55 118630
55 120062
55 121157
55 122097
55 122690
55 123639
55 127458
55 128439
55 128787
55 129630
55 129863
55 130391
55 130935
55 131407
55 131639
55 132136
55 132171
55 132255
55 133755
55 134163
55 134465
55 136776
55 136786
55 137549
55 137913
55 138896
55 141195
55 141305
55 141422
55 141674
55 142847
55 143429
55 143895
55 144030
55 145249
55 145547
55 145600
55 148658
55 148744
59 347
59 3228
59 3539
59 4060
59 5477
59 7093
59 8452
59 9168
59 10930
59 12394
59 12607
59 16786
59 17179
59 18092
59 18286
59 19643
59 20755
59 21025
59 22073
59 23027
59 24422
59 25431
59 25811
59 26015
59 26327
59 26357
59 26786
59 27278
59 29644
59 30773
59 31508
59 31680
59 31714
59 32407
59 33354
59 34038
59 35047
59 35055
59 35637
59 37267
59 37782
59 37797
59 44106
59 44231
59 44932
59 45146
59 46615
59 46989
59 47352
59 48421
59 48965
59 49112
59 49221
59 50302
59 51690
59 52808
59 54025
59 55005
59 55929
59 56458
59 56548
59 57055
59 58500
59 58747
59 60252
59 63731
59 63914
59 64228
59 64429
59 64798
59 65550
59 65714
59 66241
59 66713
59 66809
59 68299
59 68869
59 70670
59 73074
59 74227
59 74784
59 75609
59 79972
59 80604
59 80751
59 82554
59 83039
59 83270
59 83587
59 83731
59 83779
59 84152
59 84191
59 85012
59 86432
59 91564
59 91836
59 93757
59 94128
59 94380
59 94777
59 95908
59 98318
59 98518
59 101876
59 102734
59 102984
59 103734
59 104303
59 104669
59 105234
59 105575
59 106360
59 107280
59 108072
59 108753
59 109051
59 109969
59 111513
59 111702
59 113075
59 113125
59 113358
59 114033
59 115022
59 115443
59 116267
59 116395
59 116513
59 116748
59 116970
59 118450
59 120375
59 120986
59 122727
59 123072
59 127534
59 127536
59 128036
59 128451
59 128516
59 128721
59 128836
59 128872
59 129671
59 129967
59 131511
59 132070
59 132145
59 136238
59 136998
59 137503
59 139282
59 139433
59 140301
59 140309
59 143319
59 144896
59 145124
59 145141
59 146210
59 146793
59 146809
59 147165
59 147982
59 149048
59 150912
59 151007
59 151342
59 152111
59 152369
59 155852
59 156113
49 146
49 604
49 1315
49 2172
49 2508
49 2535
49 2990
49 4360
49 6205
49 6475
49 8228
49 8585
49 8830
49 9527
49 13052
49 13130
49 13276
49 16051
49 16894
49 17053
49 19340
49 19418
49 19750
49 20076
49 20348
49 21697
49 22339
49 23876
49 23899
49 24269
49 26051
49 26616
49 26632
49 27110
49 27452
49 27738
49 29123
49 29660
49 30266
49 30546
49 30577
49 31113
49 31796
49 32985
49 33566
49 33611
49 33844
49 34301
49 34449
49 34813
49 39600
49 41438
49 41661
49 43526
49 45008
49 46180
49 46291
49 46957
49 47070
49 48573
49 50679
49 51225
49 52614
49 53063
49 53299
49 55118
49 55668
49 55782
49 57051
49 57947
49 58481
49 58539
49 61853
49 62318
49 63356
49 63953
49 64871
49 65207
49 65748
49 67614
49 68447
49 69379
49 71347
49 71707
49 73744
49 77948
49 79785
49 80211
49 80335
49 80345
49 81051
49 81525
49 81555
49 82647
49 82995
49 84359
49 85101
49 88642
49 90037
49 91842
49 95464
49 95641
49 96003
49 97176
49 97370
49 97635
49 100425
49 101089
49 101445
49 106772
49 107940
49 109326
49 109457
49 111338
49 111872
49 115679
49 116174
49 116874
49 117934
49 119087
49 119707
49 120043
49 120248
49 122696
49 124365
49 124481
49 124505
49 124702
49 126615
49 128510
49 128778
49 129773
49 130257
49 131184
49 132633
49 133186
49 135157
49 135842
49 136133
49 136556
49 137597
49 137682
49 137825
49 138027
49 138493
49 140454
49 141564
49 141766
49 143343
49 143804
49 144027
49 145096
49 146570
49 146744
49 148180
49 148221
49 148365
49 149550
49 149719
49 149873
49 151563
49 151685
49 152180
49 152232
49 153906
49 154297
49 154408
49 155164
49 155240
49 157603
49 157683
49 159206
49 160219
49 161836
49 161878
49 161886
61 468
61 602
61 997
61 1133
61 2164
61 2743
61 3093
61 3102
61 3208
61 5601
61 6214
61 7046
61 7443
61 7528
61 8279
61 9608
61 10204
61 11996
61 12434
61 12653
61 13153
61 15670
61 16838
61 17058
61 18281
61 18524
61 18933
61 21408
61 21798
61 22286
61 22292
61 22976
61 24543
61 27436
61 27639
61 27979
61 28672
61 29068
61 29204
61 30281
61 32452
61 32702
61 33400
61 33402
61 33523
61 35573
61 36318
61 39990
61 41397
61 41566
61 41788
61 42522
61 42940
61 43811
61 45675
61 46596
61 47751
61 52589
61 52694
61 53213
61 55877
61 56280
61 56718
61 59664
61 59898
61 60553
61 62284
61 64096
61 64876
61 65560
61 65817
61 66091
61 66627
61 66714
61 67399
61 69803
61 71090
61 71779
61 72194
61 72685
61 75709
61 75787
61 77135
61 78028
61 79228
61 79270
61 80401
61 80550
61 81586
61 82208
61 83319
61 83801
61 84488
61 84946
61 86606
61 86831
61 87489
61 87511
61 87660
61 87743
61 88777
61 89029
61 89366
61 90225
61 92809
61 94225
61 94385
61 94503
61 96716
61 98312
61 100326
61 101176
61 102411
61 104820
61 107618
61 107759
61 109367
61 110081
61 110442
61 111817
61 112453
61 112976
61 113701
61 115839
61 117264
61 119022
61 120351
61 120549
61 122785
61 123127
61 124020
61 126352
61 127490
61 128620
61 129800
61 131952
61 134739
61 135175
61 135213
61 136106
61 136546
61 137191
61 138401
61 138500
61 138557
61 139666
61 140091
61 140206
61 140587
61 140629
61 142879
61 143576
61 143954
61 144526
61 145970
61 145994
61 147399
61 148089
61 148555
61 149162
61 149276
61 150892
61 151319
61 153795
61 156027
61 156417
61 156950
61 157397
61 158694
61 159084
61 159110
61 159496
61 160501
61 161618
61 162987
61 163364
51 506
51 3311
51 4212
51 6744
51 7394
51 9010
51 9662
51 10052
51 10174
51 10205
51 10405
51 11007
51 11834
51 12725
51 13737
51 13938
51 14054
51 14478
51 15899
51 16026
51 16782
51 17094
51 18635
51 19844
51 19987
51 21776
51 24397
51 24629
51 26105
51 26853
51 27351
51 29161
51 30012
51 30898
51 31330
51 32600
51 34806
51 35118
51 36675
51 36865
51 37578
51 40177
51 40610
51 41522
51 42608
51 43899
51 44701
51 46028
51 47193
51 47473
51 48482
51 49539
51 50167
51 51848
51 51853
51 53459
51 54060
51 54089
51 55102
51 56438
51 57835
51 58036
51 58676
51 58776
51 59307
51 59967
51 61705
51 63194
51 63974
51 64138
51 65742
51 65749
51 65750
51 65921
51 66728
51 66973
51 67565
51 68191
51 70655
51 70714
51 71847
51 72751
51 76118
51 77907
51 78399
51 78613
51 80452
51 80857
51 82338
51 85858
51 86282
51 87636
51 88913
51 89512
51 89872
51 90514
51 91361
51 93067
51 93920
51 94456
51 95866
51 95938
51 96507
51 97463
51 97669
51 98086
51 99976
51 101447
51 103675
51 109051
51 111345
51 111693
51 112696
51 114117
51 114726
51 115276
51 115817
51 116214
51 116325
51 117292
51 118334
51 119007
51 120302
51 122717
51 123382
51 123591
51 124685
51 124823
51 125020
51 125378
51 126155
51 126951
51 127087
51 128467
51 129480
51 132994
51 136352
51 137004
51 139341
51 140064
51 141927
51 143185
51 143329
51 146859
51 149508
51 150191
51 150264
51 153098
51 153199
51 154003
51 154401
51 155423
51 156098
51 157291
51 157622
51 158561
51 162800
51 163295
54 1776
54 1996
54 4260
54 5294
54 5299
54 7300
54 7399
54 7754
54 8637
54 9247
54 10384
54 12340
54 13312
54 14433
54 14903
54 15604
54 15741
54 18983
54 19174
54 22404
54 23452
54 25331
54 26214
54 27200
54 28887
54 30203
54 31345
54 34512
54 36059
54 36430
54 39528
54 40341
54 41252
54 41259
54 42129
54 42321
54 42910
54 44163
54 44290
54 45206
54 46741
54 47497
54 48071
54 48105
54 49522
54 49543
54 50387
54 50895
54 50966
54 52067
54 53140
54 53429
54 53907
54 54167
54 54739
54 55123
54 55633
54 55677
54 56681
54 58502
54 59014
54 59154
54 59316
54 61642
54 61754
54 62448
54 63650
54 64467
54 64714
54 65214
54 65336
54 66649
54 68114
54 69264
54 72780
54 73076
54 73152
54 73258
54 75801
54 76690
54 79356
54 80278
54 81743
54 82703
54 82989
54 84899
54 87042
54 87236
54 87618
54 89273
54 91387
54 92979
54 93248
54 93833
54 93838
54 95542
54 96536
54 100625
54 102556
54 104499
54 105369
54 105475
54 106307
54 107292
54 107324
54 112866
54 113299
54 113927
54 117109
54 117173
54 117429
54 117631
54 117941
54 118756
54 118950
54 118977
54 122642
54 123548
54 124525
54 124608
54 124967
54 126921
54 127238
54 128832
54 129020
54 130891
54 132778
54 134460
54 136294
54 137229
54 137403
54 138555
54 138980
54 140140
54 141795
54 143488
54 144295
54 146792
54 147902
54 148419
54 148448
54 149723
54 151890
54 153843
54 153849
54 154218
54 155664
54 156459
54 157850
54 158215
54 161131
54 162199
54 162601
54 163006
54 163389
54 164207
54 166155
54 166455
54 166732
54 166963
54 167037
54 167130
54 167873
54 168103
63 1340
63 2079
63 4334
63 5769
63 6341
63 6692
63 7071
63 7314
63 8592
63 9254
63 10230
63 13959
63 15477
63 17287
63 18250
63 19110
63 21692
63 23214
63 23834
63 23917
63 24073
63 25090
63 25636
63 28336
63 29609
63 30171
63 31318
63 31332
63 32772
63 33281
63 34816
63 35740
63 36519
63 37777
63 38091
63 38645
63 39286
63 40472
63 40708
63 41701
63 42282
63 44167
63 44638
63 45231
63 45457
63 45685
63 45998
63 48391
63 49459
63 49682
63 51440
63 53863
63 54404
63 54407
63 55385
63 58054
63 61492
63 62067
63 63802
63 66244
63 66715
63 66746
63 69512
63 73136
63 73162
63 74167
63 74384
63 75561
63 78488
63 79611
63 79713
63 79915
63 80351
63 81811
63 82409
63 83280
63 85731
63 86200
63 86540
63 86966
63 87773
63 87777
63 89913
63 90069
63 91530
63 91960
63 93242
63 95488
63 96734
63 96779
63 96850
63 97401
63 98498
63 99182
63 100213
63 100659
63 101243
63 102923
63 103692
63 105349
63 105523
63 105927
63 108843
63 110003
63 110088
63 113273
63 114272
63 115694
63 115824
63 117289
63 117591
63 118244
63 118915
63 119925
63 119943
63 121239
63 121734
63 122014
63 123066
63 123340
63 123904
63 125503
63 126177
63 126364
63 130386
63 131823
63 132188
63 132268
63 132358
63 132781
63 134403
63 135302
63 135342
63 136013
63 136122
63 136448
63 137275
63 138454
63 138562
63 139287
63 139767
63 141018
63 141802
63 145229
63 145540
63 146477
63 147104
63 147220
63 148765
63 150753
63 152772
63 152847
63 154825
63 154982
63 155829
63 157701
63 157884
63 159182
63 159661
63 160130
63 160323
63 162889
63 163058
63 164347
63 164984
63 165031
63 165278
63 165393
63 165874
63 167045
63 167121
63 168798
63 169094
63 172036
63 173688
63 175770
63 177937
63 178905
63 180030
63 185910
63 188871
63 189258
63 190524
63 190648
63 190855
63 192924
63 193401
63 194341
63 194992
63 196528
63 199977
63 205179
63 210532
63 210895
63 211292
63 211734
63 212482
63 213111
63 213465
63 213468
63 213995
63 214469
63 215307
63 216525
63 217084
63 217355
63 219295
64 2907
64 3701
64 4245
64 4710
64 5611
64 7722
64 9564
64 9710
64 11173
64 11283
64 11869
64 14022
64 14421
64 17316
64 17933
64 18845
64 20460
64 20527
64 22637
64 23159
64 23411
64 24046
64 24953
64 25326
64 25619
64 25632
64 26178
64 27421
64 28663
64 29222
64 29374
64 29920
64 32682
64 32978
64 33468
64 34108
64 36653
64 37132
64 37576
64 37894
64 38701
64 39630
64 39742
64 39987
64 41569
64 41657
64 41776
64 43870
64 43878
64 44579
64 44763
64 45100
64 46054
64 50065
64 51808
64 52159
64 52891
64 52913
64 53473
64 54897
64 57037
64 57221
64 57462
64 59440
64 60077
64 60153
64 62104
64 62538
64 63006
64 63370
64 63494
64 64405
64 64639
64 72761
64 74779
64 77334
64 77341
64 78082
64 79523
64 79675
64 82035
64 83349
64 83549
64 83738
64 83757
64 87661
64 89119
64 89922
64 91363
64 92302
64 93328
64 94187
64 95201
64 96023
64 96257
64 96355
64 96586
64 96668
64 97056
64 97180
64 98356
64 98913
64 99183
64 100294
64 100546
64 101151
64 101907
64 102536
64 102717
64 106947
64 110363
64 111086
64 112210
64 112290
64 112343
64 112728
64 113937
64 115936
64 116173
64 116366
64 118696
64 119453
64 119729
64 119983
64 120153
64 120272
64 122193
64 123248
64 123592
64 123642
64 125650
64 128316
64 129949
64 130031
64 131225
64 131738
64 134280
64 136737
64 138212
64 138219
64 139910
64 140421
64 143911
64 145637
64 145740
64 146138
64 147774
64 148463
64 150560
64 151242
64 152507
64 153986
64 154678
64 155723
64 156396
64 156962
64 159204
64 159934
64 159988
64 160023
64 161429
64 161676
64 161847
64 162957
64 163149
64 163248
64 165347
64 165876
64 166152
64 167221
64 169393
64 169799
64 171580
64 173331
64 174026
64 174438
64 175788
64 177298
64 177603
64 179875
64 179942
64 180596
64 180746
64 181157
64 182322
64 182912
64 184681
64 184713
64 185984
64 187000
64 187993
64 188063
64 189706
64 189785
64 192492
64 192634
64 192709
64 194499
64 194791
64 194861
64 194881
64 197694
64 197832
64 199037
64 199395
64 199726
64 201205
64 201283
64 202873
64 202912
64 203670
64 206758
64 207040
64 207707
64 207776
64 208147
64 208506
64 210319
64 211089
64 213016
64 213808
64 214833
64 215005
64 216019
64 216492
64 219793
64 219901
64 224018
64 225382
64 225775
64 229767
64 230525
64 234712
64 235983
64 238042
64 239012
64 239304
64 244079
64 244286
64 245773
64 247069
64 248414
64 249167
64 252643
