53 416
53 488
53 557
53 679
53 1125
53 1437
53 5432
53 5845
53 5846
53 6435
53 7895
53 11006
53 11487
53 13673
53 13818
53 14230
53 14447
53 14823
53 15231
53 15379
53 15888
50 503
50 646
50 787
50 1842
50 2453
50 2645
50 2982
50 5352
50 6821
50 7545
50 7996
50 8709
50 9465
50 9495
50 11534
50 11685
50 12552
50 12938
50 14254
50 14589
50 15161
50 15386
50 16559
50 16897
50 17328
50 17921
50 18201
50 18454
50 18741
50 18950
50 19059
50 19137
50 19247
50 19400
50 19492
50 19513
50 19845
50 19977
50 20495
50 21346
50 22670
50 22671
50 23177
50 23698
50 25131
50 25432
50 26035
50 27348
50 27394
50 27543
50 28825
50 29963
50 30331
50 30801
50 32177
57 916
57 990
57 1644
57 3057
57 3088
57 5537
57 7108
57 7262
57 7700
57 7944
57 7964
57 8283
57 8538
57 9206
57 10250
57 10911
57 11146
57 12874
57 13518
57 13688
57 13968
57 17643
57 19004
57 19052
57 20701
57 22293
57 22324
57 24239
57 25781
57 26781
57 26967
57 27491
57 27500
57 27811
57 27925
57 28012
57 28208
57 29561
57 29568
57 30290
57 30911
57 31075
57 31908
57 32518
57 32676
57 33122
57 33667
57 35744
57 37101
57 39498
57 39544
57 39703
57 40371
57 40519
57 40578
57 43695
57 44262
57 44484
57 45024
57 45936
57 45963
57 46162
57 46230
57 46952
57 47289
57 48823
57 50177
57 50251
57 52297
65 378
65 861
65 989
65 1325
65 1570
65 3443
65 3922
65 4039
65 4284
65 4979
65 5953
65 7283
65 7587
65 7856
65 7971
65 8148
65 11173
65 12751
65 12945
65 16155
65 16202
65 17551
65 17650
65 18268
65 18640
65 18660
65 19179
65 19667
65 21097
65 21240
65 21997
65 23440
65 24083
65 24314
65 25242
65 25615
65 25677
65 25693
65 25710
65 26821
65 27771
65 28077
65 28514
65 28691
65 29044
65 29267
65 29379
65 29651
65 32217
65 32508
65 33960
65 34275
65 34607
65 34896
65 34919
65 35632
65 37645
65 38267
65 38965
65 40013
65 40445
65 40532
65 41401
65 41404
65 42733
65 43636
65 45246
65 45460
65 45711
65 45922
65 46473
65 46629
65 46679
65 48794
65 49072
65 49960
52 237
52 518
52 767
52 1334
52 1393
52 2437
52 2536
52 3417
52 4137
52 5542
52 6164
52 7061
52 7307
52 7563
52 8862
52 9590
52 9829
52 10999
52 11413
52 13064
52 13317
52 15691
52 16762
52 17322
52 18047
52 18234
52 18304
52 18379
52 18717
52 19221
52 19532
52 20646
52 20705
52 21160
52 21161
52 21701
52 22760
52 23164
52 23920
52 24571
52 24649
52 25572
52 25732
52 26750
52 26768
52 26787
52 27285
52 28150
52 29922
52 29988
52 30645
52 31674
52 31763
52 31778
52 34098
52 34132
52 35093
52 35494
52 36246
52 37458
52 40415
52 42010
52 42168
52 43241
52 44833
52 46393
52 46397
52 46985
52 47006
52 47162
52 47388
52 47423
52 47790
52 47857
52 48986
52 49826
52 50526
52 52086
52 52294
52 52728
52 54337
52 54422
52 54911
52 56035
52 56235
52 56494
52 56613
52 57855
52 58679
52 60540
52 60798
52 60948
52 61247
52 62401
52 62985
52 63498
52 63869
59 1636
59 3358
59 3590
59 5347
59 5411
59 5455
59 6015
59 7016
59 8659
59 8839
59 8981
59 9673
59 9900
59 10382
59 10790
59 11435
59 11633
59 12520
59 14209
59 16005
59 16803
59 17794
59 17815
59 19474
59 19953
59 20858
59 21224
59 22057
59 24223
59 24412
59 24571
59 24880
59 25430
59 26117
59 30177
59 30264
59 30411
59 30895
59 31390
59 31593
59 31963
59 33242
59 35248
59 36380
59 36714
59 36840
59 38588
59 40564
59 40723
59 41648
59 41922
59 42926
59 43465
59 45274
59 45580
59 49134
59 49627
59 50373
59 51329
59 52178
59 54749
59 55079
59 55137
59 55225
59 55278
59 55787
59 56046
59 56418
59 56595
59 56776
59 57747
59 59929
59 60487
59 60944
59 61072
59 62106
59 62603
59 65220
59 66535
59 66645
59 67674
59 67924
59 68527
59 69494
59 69855
59 69870
59 70541
59 70882
59 71000
59 71028
59 71071
59 71292
59 71431
59 72033
59 72118
59 73294
59 73450
59 73770
59 78804
59 78928
59 79989
59 80546
59 80844
59 80969
59 81508
59 83571
59 83736
59 83881
59 83985
59 84080
59 84214
59 85625
59 85696
59 87160
59 87549
59 87594
59 88877
59 91188
59 91726
59 92070
59 92647
59 93164
59 93477
59 93904
59 93969
59 95123
59 95226
59 96652
59 97014
59 97531
59 99845
59 101230
59 101285
59 101440
59 102324
59 103068
59 103539
59 105286
59 105399
59 105599
59 106848
59 107498
59 107960
59 108768
59 109430
59 109827
59 110125
59 110259
59 110526
59 110763
59 110871
59 111421
59 112085
59 112228
59 112570
59 112588
59 113283
59 113626
59 113958
59 113978
59 115328
59 115758
59 115901
59 116988
59 117164
59 118595
59 119310
59 121147
59 121784
59 122134
59 123094
59 123795
59 124170
59 125069
59 125441
59 125910
59 126883
59 127858
59 128393
59 128878
59 129116
59 129733
59 129958
59 132032
59 132570
59 132999
59 133110
59 133384
59 134063
59 134425
59 134759
59 134803
59 134928
59 135313
59 135345
59 135368
59 135558
59 135559
59 136284
59 136415
59 136511
59 137340
59 137725
59 139078
59 140670
59 141776
59 142617
59 143631
59 144259
59 147330
59 147482
59 147528
59 148368
59 148814
59 149783
59 150489
59 150933
59 152214
59 152309
59 152883
59 155074
59 155712
59 155903
59 156581
51 461
51 1650
51 2113
51 2166
51 3637
51 3965
51 4540
51 4631
51 5878
51 7230
51 9750
51 10389
51 10483
51 13932
51 14075
51 14400
51 15804
51 17999
51 18405
51 18511
51 19595
51 20052
51 20321
51 20843
51 21411
51 21625
51 22294
51 23791
51 23895
51 24065
51 25299
51 26050
51 26844
51 26943
51 27086
51 27698
51 28134
51 30209
51 30883
51 31152
51 31206
51 32192
51 32345
51 34589
51 34632
51 34974
51 35138
51 36413
51 37092
51 37240
51 37259
51 38185
51 39042
51 40149
51 40391
51 41372
51 42441
51 42518
51 42547
51 42760
51 42835
51 44806
51 45435
51 46161
51 46519
51 47244
51 48551
51 48981
51 49065
51 49299
51 49624
51 49776
51 50666
51 50917
51 51539
51 51815
51 52275
51 52822
51 54407
51 54558
51 54666
51 56012
51 56467
51 56702
51 57282
51 57325
51 57925
51 58141
51 58400
51 58953
51 58986
51 59432
51 61086
51 62086
51 62406
51 63048
51 64898
51 65022
51 65051
51 66309
51 67497
51 68078
51 68384
51 68903
51 69074
51 69480
51 70564
51 72268
51 72947
51 73123
51 73469
51 73708
51 74127
51 74585
51 74879
51 74914
51 75193
51 75453
51 77045
51 77233
51 77849
51 77893
51 79320
51 80503
51 80660
51 81847
51 82395
51 82774
51 85812
51 86391
51 86456
51 88207
51 88941
51 91766
51 91891
51 93869
51 95219
51 96047
51 96507
51 96613
51 98067
51 99145
51 100476
51 100478
51 102728
51 103537
51 106268
51 107636
51 108003
51 108254
51 108357
51 109077
51 109212
51 112451
51 112559
51 113018
51 113791
51 114450
51 114480
51 116225
51 116691
51 117668
51 118037
51 118577
51 120197
51 120989
51 120998
51 121701
51 121854
51 121981
51 122693
51 125080
51 125760
51 126086
51 126094
51 126250
51 126440
51 126547
51 127410
51 127653
51 128832
51 129570
51 129696
51 130582
51 131542
51 131775
51 132687
51 133051
51 133303
51 133454
51 134224
51 134367
51 136545
51 137405
51 137756
51 142147
51 143226
51 143782
51 144522
51 144668
51 144688
51 144851
51 145137
51 146317
51 146388
51 146390
51 147289
51 148086
51 148722
51 148738
51 149686
51 149826
51 150169
51 150896
51 151174
51 151263
51 151323
51 152116
51 152692
51 152946
51 154888
51 155749
51 155917
51 157769
51 157999
51 158392
51 159415
51 159918
51 160432
51 161408
51 164541
51 165638
51 166170
55 230
55 1049
55 1178
55 1446
55 2283
55 3222
55 3312
55 3333
55 3563
55 3812
55 4155
55 4392
55 4506
55 4519
55 7019
55 7216
55 7295
55 7658
55 8711
55 8828
55 9375
55 9709
55 11172
55 11197
55 11799
55 12018
55 12138
55 12786
55 13489
55 14971
55 15219
55 16752
55 17111
55 17751
55 19218
55 20363
55 21355
55 22912
55 24740
55 25639
55 26336
55 26468
55 26562
55 27783
55 28664
55 29025
55 29131
55 30810
55 36011
55 37131
55 38851
55 38893
55 40012
55 40431
55 41014
55 41106
55 41337
55 42461
55 42746
55 42914
55 44363
55 44427
55 44811
55 45086
55 45894
55 46835
55 46866
55 47235
55 48070
55 48782
55 50242
55 50431
55 50862
55 51602
55 52075
55 52592
55 52703
55 55285
55 55304
55 55751
55 56154
55 56529
55 56536
55 57562
55 59348
55 60239
55 60252
55 60382
55 60702
55 61014
55 61796
55 63903
55 64026
55 68197
55 68662
55 68915
55 69181
55 70280
55 70886
55 72800
55 72976
55 74200
55 74236
55 74244
55 74962
55 75055
55 75828
55 76127
55 76131
55 76497
55 77243
55 77373
55 77403
55 77422
55 77552
55 77879
55 78580
55 78973
55 79681
55 80075
55 80417
55 80580
55 80890
55 81472
55 81612
55 82208
55 82619
55 83125
55 83540
55 83818
55 84886
55 86184
55 88055
55 88729
55 88852
55 89406
55 89765
55 89996
55 91237
55 96925
55 97962
55 99672
55 100894
55 101062
55 102789
55 104731
55 104751
55 105636
55 105696
55 106030
55 106106
55 107073
55 107113
55 107599
55 109671
55 109825
55 111448
55 111462
55 111791
55 112120
55 113237
55 114750
55 116044
55 116430
55 116513
55 117488
55 118009
55 118056
55 118236
55 118693
55 119486
55 119697
55 119957
55 120411
55 120917
55 122338
55 124970
55 126738
55 127081
55 128134
55 128919
55 129480
55 130621
55 131226
55 131647
55 133597
55 134085
55 134394
55 134544
55 135365
55 135513
55 135726
55 135871
55 137405
55 138250
55 138401
55 141128
55 141243
55 141268
55 141547
55 142044
55 142829
55 143037
55 143350
55 144878
55 145088
55 145704
55 146313
55 146406
55 146689
55 147917
55 148614
55 149777
55 149892
60 218
60 1005
60 1484
60 1950
60 3592
60 4651
60 5084
60 6023
60 6732
60 8429
60 8785
60 10850
60 11479
60 11571
60 11978
60 13453
60 13865
60 14654
60 14970
60 15054
60 15654
60 16421
60 16717
60 18423
60 18670
60 20376
60 20389
60 20494
60 20521
60 21914
60 22070
60 23143
60 23600
60 24782
60 25533
60 26234
60 26774
60 26887
60 27165
60 31179
60 32815
60 33253
60 33895
60 34813
60 37447
60 37829
60 38178
60 38326
60 38437
60 39603
60 40702
60 40777
60 40803
60 40918
60 42143
60 42389
60 43130
60 43534
60 43914
60 44949
60 45144
60 45783
60 46555
60 46561
60 46825
60 47773
60 48060
60 48382
60 48512
60 49476
60 49569
60 49664
60 50565
60 51459
60 52969
60 53061
60 53101
60 53808
60 55230
60 55369
60 56150
60 56441
60 56798
60 57272
60 57406
60 58014
60 58143
60 58632
60 60423
60 60836
60 61069
60 61248
60 62591
60 62750
60 64190
60 65606
60 65994
60 66115
60 67145
60 67424
60 67941
60 68284
60 68737
60 69538
60 69631
60 69723
60 70911
60 71694
60 72179
60 72245
60 72754
60 73253
60 73379
60 73842
60 74797
60 75031
60 75590
60 77165
60 77324
60 77659
60 77862
60 79918
60 80769
60 81483
60 82408
60 82588
60 82653
60 83537
60 84323
60 86408
60 86929
60 87023
60 87948
60 88001
60 89960
60 91184
60 91516
60 91651
60 92747
60 93213
60 93535
60 94370
60 94790
60 94966
60 95006
60 95185
60 96365
60 96491
60 96918
60 97114
60 97284
60 98121
60 98203
60 98531
60 98534
60 100461
60 101141
60 101593
60 103711
60 103933
60 104895
60 105047
60 105833
60 106773
60 106807
60 106902
60 107443
60 109354
60 110503
60 111227
60 111259
60 112006
60 112047
60 113796
60 113818
60 114362
60 116212
60 116604
60 117107
60 117168
60 118401
60 118644
60 119142
60 119999
60 120275
60 121798
60 123529
60 123575
60 125170
60 125592
60 126009
60 126653
60 127089
60 127192
60 127501
60 128080
60 128643
60 128681
60 128928
60 130267
60 132085
60 132544
60 132691
60 133224
60 135221
60 135560
60 135855
60 136547
60 137417
60 137437
60 138865
60 139116
60 139205
60 139367
60 139896
61 186
61 1276
61 1317
61 1795
61 2159
61 3339
61 4456
61 4511
61 4736
61 4903
61 5484
61 5861
61 5967
61 5982
61 7693
61 7819
61 8039
61 8210
61 8825
61 9088
61 9293
61 9510
61 9682
61 10525
61 12007
61 12743
61 12913
61 13618
61 14095
61 15919
61 15971
61 16284
61 16440
61 17989
61 19229
61 20449
61 21670
61 21838
61 22337
61 23425
61 23947
61 24124
61 24917
61 25408
61 25627
61 25737
61 27390
61 28226
61 28341
61 29628
61 29788
61 30037
61 30376
61 31501
61 31995
61 32822
61 33201
61 33203
61 33977
61 33999
61 34184
61 34333
61 34379
61 35156
61 35338
61 35377
61 36204
61 36408
61 37899
61 38603
61 38901
61 40297
61 40398
61 42703
61 43356
61 43794
61 44306
61 45506
61 45835
61 46879
61 46973
61 50744
61 51463
61 51950
61 51999
61 52021
61 52165
61 52818
61 52945
61 52995
61 54067
61 54637
61 55661
61 56376
61 57536
61 57566
61 57739
61 58174
61 60525
61 61237
61 61827
61 62434
61 64546
61 66315
61 66834
61 67145
61 67191
61 68091
61 68191
61 68881
61 71375
61 71420
61 71482
61 72097
61 73099
61 73473
61 73685
61 73809
61 74859
61 75450
61 75897
61 76765
61 76916
61 78167
61 78181
61 79310
61 79530
61 79873
61 80420
61 82024
61 82300
61 82429
61 82631
61 83490
61 83961
61 84066
61 84626
61 85022
61 85253
61 85351
61 86056
61 86360
61 86383
61 87701
61 87801
61 88126
61 89761
61 90025
61 91020
61 91742
61 91760
61 93159
61 93880
61 95048
61 95200
61 95240
61 96653
61 97409
61 98436
61 99513
61 101133
61 102609
61 103241
61 103636
61 106010
61 107194
61 108707
61 108758
61 109370
61 109761
61 109812
61 110486
61 111726
61 111880
61 112354
61 113220
61 113941
61 114888
61 115320
61 115565
61 117712
61 119148
61 119391
61 120093
61 120270
61 121669
61 121696
61 122278
61 123827
61 124229
61 124334
61 125356
61 126607
61 126712
61 128085
61 129051
61 129127
61 129210
61 129236
61 129354
61 129538
61 129630
61 129782
61 129862
61 130012
61 130074
61 130738
61 131070
61 133233
61 133408
61 133679
61 133982
61 134118
61 134472
61 134700
61 134986
61 135366
61 135500
61 135769
61 136740
61 136923
61 136965
61 137105
61 138382
61 139128
61 140709
61 142702
61 142811
61 143356
61 144612
61 145654
61 146394
61 146447
61 147118
61 147163
61 148204
61 148455
61 149335
61 149361
61 149921
61 149936
61 150415
61 151290
61 151880
61 152119
61 153466
61 154205
61 154563
61 155167
61 156401
61 157492
61 157625
61 158306
61 158882
61 159401
61 159830
61 159878
61 161900
61 162290
61 162458
61 162765
56 841
56 1126
56 1161
56 1642
56 2956
56 3759
56 4452
56 4797
56 7334
56 7549
56 8017
56 8167
56 8547
56 9082
56 10060
56 10074
56 10108
56 11673
56 13149
56 15314
56 15632
56 15962
56 17307
56 17444
56 18449
56 19224
56 19470
56 19578
56 21792
56 23008
56 23670
56 24640
56 25948
56 27179
56 27615
56 28097
56 28937
56 28967
56 29721
56 30237
56 30978
56 31224
56 31324
56 32006
56 32500
56 33580
56 34130
56 34972
56 35124
56 35552
56 36165
56 36733
56 37344
56 37586
56 37674
56 37736
56 38144
56 38159
56 38584
56 39097
56 39425
56 41817
56 42212
56 42470
56 42578
56 42591
56 42881
56 44473
56 44695
56 46337
56 47019
56 47393
56 47798
56 48912
56 49106
56 49146
56 49282
56 49300
56 50906
56 51225
56 51810
56 52482
56 54108
56 54111
56 54203
56 54521
56 55810
56 55864
56 56257
56 57256
56 57991
56 58383
56 59318
56 60430
56 61374
56 61678
56 62122
56 62526
56 62703
56 62714
56 63042
56 64134
56 66324
56 68121
56 68348
56 68484
56 69122
56 69382
56 70285
56 70873
56 71530
56 71641
56 72097
56 72118
56 74380
56 74753
56 75213
56 76100
56 76448
56 77147
56 78660
56 78827
56 79194
56 79321
56 79938
56 81150
56 81877
56 84129
56 85087
56 85711
56 86549
56 88731
56 89156
56 89852
56 90209
56 90720
56 91447
56 92953
56 94018
56 94461
56 95424
56 96136
56 96652
56 97103
56 97954
56 99712
56 100403
56 100493
56 101063
56 102533
56 102744
56 102993
56 103970
56 104107
56 105246
56 106198
56 106255
56 106798
56 106846
56 106884
56 107249
56 107870
56 109565
56 110119
56 110336
56 110797
56 111002
56 111240
56 111332
56 112754
56 112942
56 113920
56 114707
56 116983
56 118428
56 118823
56 119208
56 119945
56 120246
56 120622
56 120656
56 122007
56 122063
56 122367
56 123986
56 124140
56 126347
56 126404
56 126780
56 126941
56 127925
56 127971
56 128464
56 129027
56 129490
56 129530
56 129954
56 130822
56 131042
56 131950
56 132509
56 133095
56 134017
56 134203
56 134580
56 135190
56 135650
56 136533
56 136840
56 138866
56 139599
56 139737
56 140252
56 140455
56 141756
56 142311
56 142755
56 142824
56 144171
56 144429
56 144509
56 144717
56 145226
56 145703
56 145847
56 146319
56 147100
56 147883
56 148586
58 568
58 762
58 1292
58 2596
58 2939
58 3061
58 3757
58 4039
58 4213
58 5341
58 5359
58 7339
58 7384
58 7826
58 8040
58 8674
58 10790
58 10827
58 11210
58 12219
58 12562
58 12952
58 12992
58 13082
58 13381
58 13541
58 14206
58 14373
58 15035
58 15505
58 15741
58 17160
58 17341
58 18672
58 20410
58 20606
58 21451
58 22876
58 24067
58 24255
58 24561
58 24883
58 25781
58 26415
58 27386
58 28352
58 28633
58 29010
58 30470
58 30599
58 30633
58 31471
58 33141
58 33236
58 34932
58 35014
58 35955
58 36083
58 36218
58 36407
58 37403
58 37718
58 37863
58 37999
58 38252
58 38995
58 39603
58 42556
58 43204
58 43760
58 44883
58 46579
58 46875
58 47310
58 47375
58 47377
58 47412
58 48460
58 48781
58 50020
58 50442
58 50870
58 51123
58 51820
58 53804
58 54250
58 54347
58 54771
58 54980
58 55491
58 56956
58 57516
58 58307
58 58850
58 59029
58 59074
58 59656
58 60582
58 60612
58 62111
58 63035
58 63975
58 64060
58 65069
58 65349
58 66163
58 68051
58 69091
58 70942
58 72878
58 73182
58 73290
58 74016
58 74568
58 74663
58 76071
58 76226
58 77630
58 78234
58 78335
58 78605
58 78706
58 78920
58 78954
58 79697
58 80193
58 80816
58 81762
58 81961
58 83930
58 84860
58 85058
58 85579
58 85943
58 86211
58 87090
58 87464
58 87723
58 89078
58 90049
58 90814
58 91615
58 93055
58 93810
58 94396
58 95237
58 95515
58 96468
58 97052
58 97800
58 99122
58 102053
58 103589
58 105374
58 106026
58 106155
58 106700
58 107224
58 107766
58 107984
58 109549
58 109689
58 110130
58 110580
58 111264
58 113769
58 115375
58 116315
58 116539
58 116868
58 117305
58 117396
58 118054
58 118093
58 118230
58 119076
58 119627
58 120982
58 121305
58 121467
58 121603
58 121621
58 121874
58 125427
58 126381
58 127824
58 128454
58 129719
58 130248
58 131125
58 132894
58 133033
58 133191
58 133921
58 133991
58 134035
58 134083
49 986
49 2444
49 2491
49 2596
49 2655
49 2854
49 2959
49 2965
49 2996
49 4030
49 4423
49 4466
49 4729
49 5174
49 5424
49 5457
49 5806
49 6886
49 9230
49 9931
49 10091
49 10158
49 12625
49 13945
49 14316
49 14898
49 15463
49 16587
49 17291
49 17495
49 17510
49 18370
49 18427
49 18518
49 18812
49 19067
49 19133
49 19155
49 20659
49 21527
49 21585
49 21875
49 22130
49 23451
49 23572
49 24135
49 25719
49 26280
49 26455
49 26592
49 27029
49 27117
49 27280
49 29743
49 29805
49 30374
49 31331
49 31832
49 34752
49 36053
49 37828
49 39135
49 39516
49 39779
49 40108
49 41187
49 41750
49 42043
49 42047
49 42565
49 42846
49 43602
49 44324
49 44721
49 44992
49 46238
49 46324
49 47496
49 48630
49 50194
49 50383
49 50458
49 50600
49 50923
49 52056
49 52356
49 52760
49 53570
49 53647
49 54372
49 54615
49 54701
49 55985
49 56189
49 56220
49 56313
49 56518
49 59017
49 59394
49 59902
49 62417
49 62848
49 63558
49 64677
49 64924
49 65370
49 65498
49 65539
49 66050
49 66243
49 67471
49 68671
49 68786
49 69187
49 69288
49 69570
49 70351
49 71081
49 71477
49 71974
49 73216
49 74713
49 75486
49 76068
49 76225
49 76971
49 77053
49 78179
49 80039
49 81270
49 81927
49 82436
49 85036
49 89211
49 89336
49 90976
49 91033
49 91725
49 92082
49 93542
49 93644
49 93657
49 94876
49 95204
49 96348
49 96635
49 97261
49 97521
49 97617
49 97891
49 99470
49 99645
49 100149
49 100212
49 100328
49 100821
49 101032
49 101429
49 102621
49 103536
49 103794
49 104789
49 106741
49 107116
49 107466
49 107731
49 108517
49 110491
49 114309
49 114639
49 114799
49 115006
49 115675
49 116325
49 117069
49 117471
49 117710
49 117796
49 118177
49 118367
49 118696
49 120729
49 121032
49 122469
49 122961
49 124027
49 125736
49 126272
49 127318
49 127339
49 127449
49 127531
49 128058
49 131345
49 131606
49 132435
49 132664
49 134249
49 134524
49 134800
49 136375
49 136989
49 137490
49 138045
49 139615
49 140407
49 140489
49 142430
49 142556
49 142650
49 142761
49 143071
49 143498
49 143982
49 146925
49 147287
49 147697
49 147801
49 147882
49 148108
49 148189
49 148781
49 148870
49 149476
49 149698
49 150690
49 150722
49 152448
49 153167
49 153269
49 153455
49 153525
49 153776
49 153794
49 154067
49 154684
49 155163
49 156586
49 158223
49 158906
49 159335
49 159467
49 159570
49 159738
49 159741
49 160043
54 3885
54 4458
54 6413
54 7022
54 7094
54 7149
54 7738
54 8000
54 8853
54 9575
54 9641
54 10618
54 10728
54 12306
54 13538
54 14259
54 16706
54 16967
54 17209
54 17427
54 17874
54 18136
54 19219
54 20156
54 20402
54 20414
54 21290
54 21860
54 24187
54 24269
54 24271
54 25969
54 26137
54 27131
54 27168
54 27745
54 27755
54 28393
54 28478
54 29494
54 31022
54 31127
54 31582
54 31876
54 32161
54 33076
54 33119
54 33174
54 33235
54 33956
54 34391
54 35910
54 36539
54 36780
54 37487
54 38923
54 39274
54 42018
54 44449
54 47171
54 48749
54 48807
54 49204
54 49534
54 50079
54 50614
54 50779
54 51062
54 52982
54 53685
54 53900
54 55214
54 55277
54 55280
54 56236
54 56461
54 56793
54 57430
54 59920
54 60556
54 60785
54 60789
54 61221
54 62175
54 62304
54 62316
54 63308
54 64868
54 64931
54 66448
54 66534
54 66617
54 67882
54 69856
54 70151
54 70847
54 71679
54 72438
54 72460
54 73644
54 73960
54 74545
54 74768
54 74929
54 74993
54 75400
54 77013
54 77204
54 77290
54 77527
54 79441
54 81043
54 81944
54 82035
54 82419
54 83213
54 85346
54 86121
54 86825
54 87727
54 88548
54 89816
54 90830
54 90849
54 91944
54 92950
54 94180
54 94509
54 95448
54 96184
54 96490
54 98147
54 98227
54 98264
54 98477
54 99224
54 99698
54 100515
54 101075
54 101472
54 101475
54 101924
54 103435
54 103659
54 103765
54 104835
54 105282
54 105293
54 106063
54 106786
54 108873
54 111089
54 111735
54 111796
54 112009
54 112556
54 112759
54 113252
54 113849
54 113952
54 114569
54 115127
54 115419
54 115711
54 116352
54 116928
54 117925
54 118541
54 119251
54 119921
54 120372
54 120558
54 120689
54 120906
54 121304
54 121534
54 122132
54 122982
54 123811
54 123834
54 123861
54 124720
54 125274
54 125427
54 126954
54 127458
54 127758
54 127970
54 128338
54 128505
54 129422
54 129569
54 130498
54 131266
54 131636
54 132763
54 133505
54 134294
54 134442
54 135428
54 135572
54 136283
54 136928
54 137206
54 137906
54 138543
54 139974
54 140496
54 140632
54 141063
54 141403
54 141455
54 142106
54 142138
54 142301
54 142421
54 142450
54 143036
54 145926
54 146436
54 146532
54 146868
54 146967
54 147138
54 148045
54 148439
54 148751
54 153029
54 153444
54 153571
54 153673
54 153908
54 154212
54 154662
54 154763
54 155339
54 155358
54 155604
54 155785
54 156118
54 156714
54 157766
54 160228
54 161114
54 161540
54 162064
54 162727
54 162928
54 163350
54 163561
54 163683
54 163835
54 164615
54 164690
54 166096
54 166179
54 166188
54 166581
54 166642
54 166713
54 168711
54 169663
63 460
63 892
63 2632
63 3635
63 4057
63 4602
63 4646
63 4663
63 4866
63 5693
63 6133
63 7217
63 7621
63 10021
63 10452
63 10613
63 10762
63 10844
63 11203
63 11436
63 11881
63 12444
63 12518
63 13025
63 13275
63 14189
63 14323
63 14335
63 15023
63 15249
63 15484
63 16179
63 16188
63 16844
63 16949
63 17188
63 17492
63 18172
63 18973
63 20355
63 20528
63 20682
63 21432
63 22929
63 23203
63 23740
63 24234
63 24935
63 25177
63 25343
63 25690
63 25702
63 25797
63 26757
63 26845
63 27762
63 28904
63 29330
63 29631
63 29681
63 30010
63 30437
63 30798
63 30818
63 31023
63 31226
63 33017
63 34500
63 34857
63 35986
63 36587
63 36974
63 38956
63 39904
63 39913
63 40570
63 42836
63 43010
63 43870
63 43911
63 44042
63 45213
63 45384
63 46743
63 47378
63 48774
63 48798
63 49440
63 50071
63 50157
63 51185
63 51965
63 52219
63 53459
63 53902
63 54686
63 54709
63 57239
63 57372
63 57763
63 58361
63 59796
63 60445
63 62327
63 62847
63 63227
63 63611
63 63852
63 65274
63 65447
63 65786
63 66420
63 66428
63 67176
63 67739
63 68349
63 68708
63 69912
63 69955
63 70534
63 70760
63 72327
63 73696
63 73734
63 73750
63 73809
63 74459
63 74556
63 75767
63 77944
63 78567
63 78780
63 79095
63 79677
63 79763
63 80212
63 81385
63 81702
63 83020
63 83722
63 83771
63 83831
63 84062
63 84846
63 85317
63 85348
63 85949
63 85973
63 87394
63 87479
63 90128
63 90391
63 91283
63 92273
63 92592
63 93094
63 93332
63 93810
63 94124
63 94261
63 94640
63 95813
63 96390
63 96605
63 97414
63 97727
63 97728
63 97803
63 98845
63 98937
63 100917
63 101263
63 102160
63 103886
63 104999
63 105060
63 107186
63 108434
63 108871
63 109685
63 109690
63 110497
63 110810
63 111143
63 112426
63 113679
63 114061
63 114594
63 115085
63 115383
63 116263
63 117846
63 118420
63 118734
63 118947
63 119490
63 119731
63 120120
63 120672
63 120891
63 121765
63 121776
63 123286
63 123514
63 123947
63 124170
63 124408
63 125082
63 125601
63 126323
63 126727
63 127680
63 127781
63 128171
63 128558
63 128713
63 130151
63 131344
63 131667
63 131783
63 132655
63 132760
63 132962
63 134215
63 134441
63 134828
63 134980
63 135384
63 136258
63 136631
63 137322
63 137863
63 139190
63 140258
63 140549
63 140618
63 140685
63 140954
63 141309
63 142315
63 142549
63 143631
63 144386
63 144645
63 144782
63 145344
63 145592
63 145826
63 145892
63 146117
63 146125
63 147041
63 147536
63 148211
63 149319
63 149703
63 149759
63 149916
63 149998
63 150372
63 151051
63 151398
63 152513
63 152653
63 152928
63 153286
63 155015
63 155620
63 156784
63 157628
63 158371
63 159051
63 160122
63 160314
63 161838
63 162431
63 162627
63 162960
63 165421
63 167347
63 167405
63 168620
63 170124
63 170195
63 170274
63 171443
63 171869
63 172486
63 173832
63 174367
63 176264
63 176684
63 176721
63 178177
63 180990
63 181336
63 181666
63 181895
63 182110
63 182351
63 182795
63 183338
63 184268
63 186024
63 186212
63 188069
63 188211
63 188303
63 189270
63 190378
63 191665
63 191789
63 192215
63 192588
63 192913
63 193386
63 193823
63 193960
63 194509
63 195161
63 195634
63 198507
63 199047
63 200661
63 201160
63 202236
63 203344
63 203541
63 204183
63 204913
63 206957
63 207004
63 207130
63 207172
63 207303
63 208193
63 208693
63 209637
63 209669
63 210384
63 210417
63 211972
63 213929
63 213952
63 213967
63 215590
63 215651
63 215921
63 216695
63 216912
63 217142
63 217852
63 217947
64 280
64 509
64 1137
64 1222
64 1428
64 1929
64 3526
64 3572
64 3759
64 4020
64 4381
64 5163
64 5325
64 5925
64 6863
64 7508
64 7735
64 9015
64 9840
64 9850
64 10731
64 10953
64 12770
64 13182
64 13387
64 13881
64 14180
64 14430
64 14980
64 15738
64 16074
64 16144
64 16523
64 16587
64 17120
64 18034
64 18519
64 18552
64 19140
64 19575
64 19751
64 19957
64 20602
64 22234
64 23243
64 24542
64 24650
64 26050
64 26062
64 27881
64 28151
64 28379
64 30671
64 30826
64 30840
64 31867
64 33003
64 33469
64 33574
64 33586
64 33809
64 34510
64 34667
64 35295
64 36376
64 37636
64 39564
64 40370
64 40467
64 40520
64 40857
64 40944
64 41078
64 42440
64 43239
64 43363
64 44109
64 45041
64 46838
64 48036
64 48827
64 49677
64 50423
64 52662
64 54714
64 55148
64 58265
64 58277
64 59285
64 59374
64 60792
64 61228
64 61311
64 62050
64 62306
64 62461
64 62561
64 63174
64 64206
64 64488
64 65253
64 65269
64 65638
64 66200
64 66470
64 67067
64 67789
64 67791
64 67843
64 68181
64 68409
64 68512
64 68698
64 70414
64 71198
64 71601
64 71970
64 73922
64 74414
64 74925
64 75305
64 75703
64 75837
64 76454
64 76617
64 77638
64 78090
64 78416
64 78890
64 79007
64 79411
64 80657
64 82054
64 83555
64 84945
64 85143
64 85569
64 86045
64 86496
64 87019
64 87262
64 88258
64 90156
64 90600
64 90677
64 90818
64 90983
64 91175
64 91359
64 91362
64 91738
64 92481
64 93213
64 93247
64 93329
64 93339
64 93955
64 94459
64 94709
64 96611
64 96725
64 98851
64 100267
64 100270
64 100553
64 100848
64 101230
64 101899
64 103161
64 103260
64 103643
64 103811
64 104476
64 106076
64 107014
64 107396
64 107902
64 108009
64 108363
64 108373
64 108600
64 109174
64 109245
64 110347
64 111172
64 111261
64 111460
64 111915
64 112553
64 112903
64 113236
64 113677
64 114835
64 118025
64 119332
64 119343
64 119778
64 121334
64 121455
64 121575
64 122056
64 123314
64 123396
64 123903
64 126358
64 126793
64 127723
64 128188
64 129070
64 129612
64 130109
64 130819
64 132384
64 132592
64 134757
64 134786
64 135621
64 135880
64 136483
64 136761
64 138292
64 138429
64 140756
64 141104
64 141671
64 142121
64 143338
64 143919
64 145617
64 146446
64 146676
64 146875
64 147678
64 147953
64 148041
64 149064
64 149549
64 149617
64 150532
64 150888
64 151671
64 151886
64 152467
64 153765
64 155086
64 155241
64 155286
64 155425
64 155567
64 156132
64 156834
64 157674
64 158127
64 158175
64 159295
64 159758
64 160284
64 161615
64 161685
64 163264
64 163511
64 163718
64 164724
64 166201
64 166526
64 167393
64 167498
64 168472
64 169112
64 170296
64 170575
64 170952
64 171002
64 172203
64 173117
64 173213
64 173652
64 176374
64 177079
64 177951
64 178635
64 180829
64 180973
64 181500
64 181579
64 182232
64 183279
64 183314
64 184049
64 184355
64 184356
64 186534
64 187291
64 188256
64 188606
64 188810
64 188874
64 188913
64 189197
64 189221
64 190199
64 190445
64 190858
64 191252
64 191366
64 191942
64 192163
64 193557
64 193907
64 194120
64 194713
64 195053
64 195444
64 195524
64 196996
64 197255
64 197629
64 197807
64 198148
64 198390
64 198397
64 199499
64 199976
64 200179
64 200951
64 201111
64 201265
64 201821
64 202046
64 202215
64 203035
64 204049
64 204155
64 204633
64 204769
64 205696
64 206247
64 206484
64 206799
64 206991
64 208284
64 208352
64 208787
64 208871
64 209814
64 209903
64 210250
64 210340
64 210502
64 211160
64 211855
64 211860
64 211870
64 212178
64 212287
64 212647
64 212949
64 214331
64 215975
64 216200
64 217655
64 217790
64 217845
64 218389
64 218829
64 219566
64 220701
64 221760
64 223241
64 223700
64 224587
64 225740
64 226498
64 226896
64 227350
64 227722
64 227971
64 228526
64 228625
64 228731
64 229449
64 230914
64 231488
64 232282
64 232352
64 232672
64 233689
64 233883
64 234213
64 234400
64 234979
64 235631
64 235675
64 235719
64 236120
64 236241
64 236447
64 236840
64 238571
64 238622
64 239313
64 239316
64 239344
64 239460
64 240229
64 241228
64 241972
64 242487
64 243109
64 243399
64 244145
64 244246
64 244473
64 245543
64 245631
64 247430
64 247598
64 247771
64 247894
64 247940
64 247977
64 248379
64 248563
64 249508
64 249992
64 250390
64 250906
64 251139
64 251179
64 251299
64 251370
64 252832
