0.425    155    1.99507    1.41369
0.475    155    6.03665    2.47383
0.525    155    4.27228    2.14329
0.575    155    7.9842    3.03611
0.625    155    12.2892    3.74362
0.675    155    14.7009    4.11238
0.725    155    12.2499    4.11867
0.775    155    32.2684    6.31506
0.825    155    33.6185    6.75975
0.875    155    26.9371    5.97344
0.925    155    31.2331    6.4638
0.975    155    32.888    6.81726
1.025    155    40.9324    7.76229
1.075    155    26.4783    6.51834
1.125    155    37.1843    7.70729
1.175    155    53.0564    9.27723
1.225    155    56.4367    9.92183
1.275    155    30.4172    7.07801
1.325    155    42.6135    8.85033
1.375    155    40.3137    8.52491
1.425    155    40.0056    8.65998
1.475    155    52.1688    10.0639
1.525    155    49.9471    10.1551
1.575    155    64.5391    11.4205
1.625    155    41.2428    8.9136
1.675    155    45.2784    9.59301
1.725    155    47.678    10.3289
1.775    155    48.7793    10.1145
1.825    155    37.7188    9.2289
1.875    155    37.5489    9.20984
1.925    155    59.5791    12.1874
1.975    155    68.5768    13.1968
2.025    155    56.8956    12.0941
2.075    155    57.0693    12.6404
2.125    155    49.3162    11.4748
2.175    155    30.4236    9.24547
2.225    155    66.1593    13.722
2.275    155    78.2103    15.0344
2.325    155    88.7512    15.9437
2.375    155    63.2546    13.6734
2.425    155    41.5971    10.8317
2.475    155    52.539    12.9053
2.525    155    34.8203    10.1262
2.575    155    74.2591    14.983
2.625    155    51.2507    12.5262
2.675    155    71.7134    15.1325
2.725    155    80.4178    16.3431
2.775    155    91.1438    16.7235
2.825    155    76.7478    15.8664
2.875    155    81.4314    15.8143
2.925    155    82.9442    16.8442
2.975    155    80.0147    16.2433
3.025    155    104.088    19.0277
3.075    155    85.4283    16.6373
3.125    155    83.4632    16.6229
3.175    155    75.6581    15.9446
3.225    155    45.7859    12.7985
3.275    155    23.2687    8.82526
3.325    155    34.8401    11.0847
3.375    155    14.6055    7.32166
3.425    155    15.0352    7.53806
