49 578
49 600
49 3804
49 4625
49 7683
49 7855
49 8034
49 9589
49 9910
49 10385
49 10671
49 11482
49 11499
49 11910
49 11963
49 12221
49 12450
49 12496
49 12631
49 13069
49 13184
49 13502
49 14571
49 14694
49 15430
49 16748
49 17187
49 17785
49 18093
49 18582
49 18645
49 19713
49 20732
49 21305
49 21320
49 21460
49 21781
49 22392
49 22555
49 23191
49 23433
49 24125
49 24515
49 24530
49 24969
49 25863
49 26427
49 27535
49 27911
49 27918
49 28445
49 29313
49 29559
49 29670
49 29717
49 30727
49 30747
49 31062
49 31684
49 32386
49 33218
49 33269
49 33302
49 33510
49 33914
49 34501
49 35471
49 36259
49 36566
49 37027
49 37269
49 38000
49 38173
49 38234
49 38423
49 38442
49 38496
49 38645
49 39054
49 39322
49 40004
49 40612
49 41258
49 42466
49 42618
49 42641
49 43141
49 43208
49 43221
49 43518
49 45000
49 45361
49 45528
49 46897
49 47147
49 47815
49 48446
49 50084
49 50290
49 50971
49 52860
49 52885
49 53084
49 53381
49 53496
49 54334
49 54478
49 55071
49 55545
49 55891
49 56069
49 56094
49 56286
49 57269
49 57365
49 58106
49 58824
49 59134
49 59636
49 60619
49 61636
49 61990
49 63249
49 63532
49 64215
49 65047
49 65402
49 66554
49 67552
49 67766
49 68013
49 68717
49 69126
49 69542
49 70648
49 71039
49 71386
49 73571
49 74056
49 74120
49 74178
49 74360
49 75555
49 76198
49 76526
49 76721
49 76835
49 77406
49 77633
49 78067
49 79424
49 79755
49 80294
49 80442
49 81444
49 81885
49 82053
49 82332
49 85885
49 86019
49 86188
49 86437
49 88628
49 90313
49 90360
49 92833
49 93762
49 94198
49 94523
49 94899
49 96192
49 96197
49 97219
49 97471
49 97553
49 99174
49 99701
49 99768
49 100102
49 100820
49 101141
49 101154
49 101230
49 101954
49 102041
49 102779
49 104184
49 104984
49 105086
49 105089
49 105597
49 105653
49 106022
49 106255
49 107844
49 108040
49 108047
49 108355
49 108640
49 109362
49 111381
49 111695
49 111793
49 111954
49 112802
49 114178
49 114658
49 115238
49 115305
49 115744
49 115880
49 117219
49 118215
49 118256
49 118685
49 119764
49 120067
49 120374
49 121146
49 121999
49 122296
49 122357
49 122430
49 122966
49 122971
49 123848
49 123932
49 124743
49 125548
49 126300
49 126801
49 127501
49 128941
49 129064
49 131249
49 131555
49 132005
49 132100
49 132241
49 133406
49 134235
49 134523
49 135128
49 135172
49 135424
49 137260
49 137677
49 138443
49 138880
49 140066
49 140128
49 140283
49 140331
49 140410
49 140639
49 141784
49 141969
49 143984
49 144860
49 145115
49 145845
49 146330
49 146334
49 146734
49 146856
49 146981
49 147071
49 147113
49 147215
49 147709
49 147874
49 151265
49 151692
49 152274
49 155192
49 155529
49 156405
49 156889
49 157194
49 157439
49 157618
49 158364
49 159422
49 159773
49 161645
50 12
50 226
50 866
50 1311
50 2270
50 2556
50 2604
50 3144
50 3247
50 3968
50 6383
50 7318
50 7615
50 7928
50 8523
50 9895
50 9910
50 10337
50 10374
50 10581
50 11522
50 12043
50 12983
50 14364
50 14635
50 14806
50 15064
50 16086
50 16493
50 17166
50 17552
50 17686
50 17912
50 17920
50 18037
50 18192
50 18518
50 18555
50 18566
50 18691
50 18711
50 19056
50 19376
50 19964
50 20219
50 21123
50 21288
50 22631
50 22902
50 23729
50 24203
50 24461
50 24748
50 24865
50 24915
50 25274
50 26370
50 26629
50 26895
50 28098
50 28875
50 29111
50 29199
50 29790
50 30123
50 31126
50 31289
50 31652
50 31842
50 31980
50 32384
50 32604
51 23
51 1456
51 2055
51 2209
51 2575
51 2827
51 2946
51 3112
51 3159
51 3188
51 3235
51 3332
51 3710
51 3773
51 4356
51 4530
51 4616
51 5469
51 6716
51 6869
51 7356
51 7589
51 7626
51 7785
51 7878
51 7993
51 8272
51 8309
51 9093
51 9300
51 9325
51 9378
51 9534
51 10149
51 10468
51 10636
51 10868
51 11001
51 11166
51 11190
51 11881
51 12239
51 13142
51 13849
51 14469
51 14483
51 14528
51 14646
51 14746
51 15045
51 15523
51 16606
51 16911
51 17660
51 18272
51 18756
51 19552
51 19983
51 20087
51 20767
51 21719
51 22334
51 23385
51 23691
51 24488
51 25518
51 26097
51 26264
51 26784
51 26917
51 27199
51 27361
51 28035
51 28144
51 28290
51 28332
51 28334
51 28518
51 28923
51 28953
51 29176
51 29314
51 30024
51 30406
51 30444
51 30511
51 30670
51 31032
51 31039
51 31675
51 31980
51 32679
51 32947
51 33110
51 33423
51 34310
51 34331
51 34611
51 34810
51 35033
51 36051
51 36052
51 36243
51 36286
51 36289
51 36463
51 36642
51 36813
51 37678
51 38321
51 39006
51 39303
51 39569
51 40054
51 41541
51 41554
51 41788
51 41938
51 41953
51 42326
51 42857
51 42949
51 43119
51 43297
51 44002
51 44622
51 44855
51 44898
51 45325
51 45490
51 46258
51 46277
51 47243
51 47487
51 47742
51 47968
51 48849
51 48909
51 49337
51 49390
51 49417
51 50161
51 50436
51 50844
51 51181
51 51343
51 52066
51 52295
51 52517
51 52677
51 52882
51 52906
51 53407
51 53734
51 53775
51 54927
51 55010
51 55243
51 55365
51 55512
51 56205
51 56757
51 57242
51 58190
51 58595
51 58814
51 59761
51 60445
51 60766
51 60839
51 61276
51 61723
51 62246
51 62297
51 62668
51 63030
51 63186
51 63296
51 63797
51 63953
51 64402
51 64801
51 64809
51 65590
51 65869
51 66089
51 66540
51 66542
51 67008
51 67216
51 67969
51 68594
51 69191
51 69201
51 70291
51 70577
51 70912
51 71329
51 71722
51 72347
51 72382
51 73044
51 73571
51 73652
51 74205
51 74291
51 74327
51 74633
51 74861
51 75045
51 75426
51 75668
51 76048
51 76175
51 76232
51 76235
51 76269
51 76564
51 76599
51 76806
51 77102
51 77750
51 77794
51 78334
51 78359
51 78544
51 78691
51 79233
51 79663
51 80008
51 80281
51 80625
51 81366
51 81808
51 81946
51 82008
51 82014
51 82045
51 82110
51 82251
51 82258
51 82550
51 82551
51 82893
51 82967
51 83056
51 83717
51 83723
51 84231
51 84476
51 86553
51 86612
51 86646
51 87027
51 87967
51 88253
51 88761
51 88901
51 89307
51 89928
51 90351
51 90416
51 90661
51 90716
51 91338
51 91704
51 91784
51 91938
51 92423
51 92516
51 92904
51 93388
51 93879
51 94049
51 94123
51 94132
51 94782
51 94919
51 95448
51 96268
51 96372
51 96789
51 97095
51 97724
51 97784
51 97955
51 97989
51 98098
51 98679
51 100058
51 100280
51 100323
51 100350
51 100405
51 100618
51 100703
51 100936
51 102391
51 102424
51 102469
51 102623
51 102760
51 103308
51 103313
51 103374
51 103760
51 103812
51 103821
51 104350
51 104468
51 104469
51 104482
51 104955
51 105253
51 105666
51 106017
51 106191
51 107462
51 107574
51 107924
51 108172
51 108200
51 108299
51 109147
51 109352
51 109451
51 109663
51 110227
51 110327
51 110618
51 110866
51 111209
51 111475
51 111832
51 112095
51 112802
51 113291
51 113606
51 113940
51 113966
51 114033
51 114164
51 114181
51 114664
51 115318
51 115684
51 115928
51 115935
51 116161
51 116567
51 116634
51 116843
51 118339
51 119869
51 120046
51 120437
51 120502
51 120503
51 120727
51 121091
51 121100
51 121250
51 121647
51 122212
51 122863
51 123042
51 123422
51 123909
51 124783
51 126051
51 126620
51 127198
51 128516
51 128833
51 129718
51 130541
51 130772
51 130816
51 130998
51 131569
51 131597
51 133366
51 133383
51 134134
51 134615
51 135670
51 135751
51 135825
51 136086
51 136326
51 136577
51 136604
51 136793
51 137430
51 137537
51 137964
51 137998
51 138327
51 138330
51 138355
51 138580
51 138900
51 138941
51 139171
51 139644
51 140236
51 140715
51 142247
51 142606
51 142895
51 143188
51 143538
51 143765
51 143783
51 143894
51 144294
51 145009
51 145194
51 145251
51 145647
51 146190
51 146237
51 146528
51 146713
51 146867
51 146875
51 146947
51 147024
51 147134
51 147295
51 147538
51 147915
51 148091
51 148306
51 149014
51 150067
51 150364
51 150820
51 150957
51 152077
51 152102
51 152580
51 152698
51 152766
51 152958
51 153712
51 154563
51 154783
51 154887
51 154950
51 156440
51 156722
51 157337
51 157398
51 157659
51 159406
51 159561
51 160430
51 161256
51 161419
51 162786
51 163202
51 163694
51 163928
51 163983
51 164942
51 165609
51 165817
51 166477
52 371
52 479
52 537
52 666
52 742
52 1474
52 2036
52 2331
52 2782
52 3154
52 3196
52 3678
52 3771
52 4639
52 4844
52 5712
52 5871
52 7019
52 7100
52 7277
52 7459
52 7893
52 9332
52 9557
52 10167
52 10479
52 10719
52 10926
52 11924
52 11979
52 12228
52 12528
52 12748
52 13280
52 13342
52 13597
52 13673
52 13903
52 14560
52 14719
52 15151
52 15582
52 15978
52 16111
52 16413
52 16540
52 16809
52 17657
52 19794
52 19967
52 20241
52 20572
52 20908
52 21340
52 21810
52 22193
52 23106
52 23261
52 23378
52 23410
52 23925
52 25154
52 25243
52 25407
52 25540
52 25598
52 25655
52 27771
52 28265
52 28769
52 28924
52 29387
52 30203
52 31143
52 31261
52 31346
52 32309
52 32741
52 32924
52 33186
52 33590
52 33794
52 34552
52 34953
52 34958
52 35487
52 35519
52 35779
52 36050
52 36255
52 36485
52 36536
52 37054
52 37963
52 38010
52 38389
52 38420
52 38567
52 38868
52 39364
52 39578
52 40713
52 41117
52 41481
52 41550
52 41601
52 42327
52 42433
52 42498
52 43215
52 43456
52 43629
52 44614
52 44650
52 44715
52 44764
52 44842
52 44851
52 44865
52 44954
52 45234
52 45924
52 46295
52 46299
52 46419
52 46447
52 46697
52 46831
52 47167
52 47258
52 47378
52 47379
52 47461
52 47710
52 47744
52 48363
52 48463
52 48740
52 48786
52 48883
52 49217
52 49446
52 49534
52 49691
52 49955
52 49981
52 50197
52 50261
52 50684
52 50825
52 51091
52 51572
52 51584
52 51700
52 51722
52 52187
52 53043
52 53441
52 53492
52 54039
52 54187
52 54596
52 55199
52 55212
52 55352
52 55666
52 55744
52 56099
52 57006
52 57256
52 57378
52 57741
52 58413
52 59192
52 59597
52 59782
52 60100
52 60418
52 60652
52 60809
52 60978
52 61310
52 61403
52 61466
52 61818
52 62176
52 62314
52 62610
52 62745
52 62992
52 63397
52 64584
52 65392
52 65630
52 65959
52 66154
52 66308
52 66336
52 66552
52 66688
52 66731
52 66958
53 70
53 398
53 972
53 1058
53 1163
53 1395
53 1646
53 1668
53 1771
53 2009
53 2166
53 2252
53 2459
53 3639
53 4091
53 4564
53 4585
53 4633
53 4700
53 5017
53 5259
53 5323
53 5505
53 5745
53 5833
53 6009
53 6077
53 6085
53 6096
53 6501
53 6575
53 6609
53 6738
53 6785
53 7274
53 8176
53 8290
53 8695
53 8927
53 9303
53 9514
53 10097
53 10837
53 11526
53 14063
53 14345
53 14375
53 14832
53 14945
53 15131
53 15368
53 15521
53 16114
53 16140
53 16228
53 16850
53 16859
53 16891
53 16905
53 16929
53 16965
53 16975
53 16992
53 17034
54 352
54 368
54 765
54 1055
54 1257
54 1937
54 2026
54 2191
54 2224
54 2237
54 2529
54 3028
54 3139
54 3419
54 3563
54 3633
54 3692
54 3893
54 4163
54 4641
54 5181
54 5390
54 5431
54 5505
54 5687
54 5762
54 6150
54 6166
54 6172
54 6779
54 6783
54 7040
54 7439
54 7474
54 7886
54 8085
54 8156
54 9044
54 9140
54 9327
54 9331
54 9465
54 10023
54 10092
54 10332
54 10481
54 10824
54 10892
54 11639
54 11645
54 12121
54 12196
54 12443
54 13006
54 13320
54 13730
54 14250
54 14660
54 15456
54 15594
54 15649
54 15654
54 16467
54 17101
54 17350
54 17436
54 17744
54 18013
54 18039
54 18159
54 18208
54 18227
54 18472
54 18619
54 18624
54 18754
54 18840
54 19296
54 19334
54 19495
54 19580
54 19657
54 19925
54 20492
54 22001
54 22609
54 22938
54 22940
54 22982
54 23495
54 23498
54 23901
54 24178
54 24272
54 24975
54 25103
54 25303
54 25583
54 25788
54 25828
54 25977
54 26059
54 26273
54 26326
54 26382
54 26559
54 26827
54 27365
54 27812
54 28024
54 29314
54 29463
54 29531
54 29757
54 29764
54 30057
54 30192
54 30563
54 30584
54 30724
54 31126
54 32259
54 32290
54 32596
54 32942
54 33009
54 33137
54 33529
54 34164
54 34902
54 35170
54 35321
54 35664
54 35899
54 36081
54 36160
54 36717
54 37138
54 37371
54 37416
54 37537
54 37895
54 37905
54 38526
54 38854
54 39231
54 39321
54 40178
54 40407
54 40474
54 40662
54 40790
54 41117
54 41788
54 42282
54 42509
54 42758
54 43247
54 43708
54 44008
54 44633
54 44754
54 45416
54 45772
54 46021
54 46054
54 46136
54 46376
54 46968
54 47124
54 47135
54 47392
54 47549
54 48124
54 49162
54 49585
54 49651
54 49711
54 49735
54 49913
54 50198
54 50242
54 50306
54 50417
54 50489
54 50531
54 51056
54 51400
54 51402
54 51623
54 52072
54 53372
54 53457
54 53618
54 53619
54 54388
54 54556
54 56364
54 56907
54 57800
54 58179
54 58392
54 58516
54 58524
54 58865
54 59734
54 59845
54 60334
54 60814
54 61331
54 61533
54 62089
54 62109
54 62207
54 62337
54 62559
54 63311
54 63689
54 63945
54 64424
54 64515
54 64534
54 64916
54 65585
54 66485
54 67628
54 67701
54 68174
54 68317
54 69646
54 69670
54 69948
54 70024
54 70428
54 70709
54 70973
54 71495
54 72297
54 72316
54 73502
54 73668
54 74217
54 74972
54 75685
54 75744
54 75935
54 75965
54 76115
54 76293
54 76527
54 77448
54 77558
54 78222
54 78807
54 79155
54 79395
54 79562
54 80034
54 80055
54 80379
54 80725
54 80954
54 81193
54 81463
54 81554
54 82118
54 82602
54 82837
54 82858
54 82869
54 82882
54 82909
54 83304
54 83800
54 83838
54 84610
54 84912
54 85075
54 85342
54 85438
54 86051
54 86226
54 86291
54 86298
54 86451
54 87132
54 88478
54 88638
54 89049
54 89149
54 89295
54 89540
54 89727
54 89765
54 90155
54 90747
54 92377
54 92444
54 92569
54 92703
54 92921
54 93313
54 94061
54 94851
54 95649
54 95672
54 95693
54 96473
54 96638
54 96730
54 97191
54 97374
54 97415
54 98043
54 99658
54 99967
54 100820
54 101443
54 102220
54 102335
54 102733
54 103483
54 103497
54 103975
54 104084
54 104319
54 104623
54 104872
54 105117
54 105412
54 107282
54 107325
54 108079
54 108195
54 108222
54 108353
54 108373
54 108835
54 108842
54 109698
54 110393
54 110552
54 111490
54 111498
54 111896
54 113861
54 114268
54 115038
54 115050
54 115641
54 115738
54 115928
54 116008
54 116083
54 116488
54 116795
54 116824
54 117024
54 117140
54 117293
54 117602
54 117778
54 117995
54 118061
54 118402
54 119823
54 120005
54 120069
54 120309
54 120664
54 120705
54 120751
54 121024
54 121627
54 121723
54 121941
54 122144
54 122493
54 122587
54 122754
54 124315
54 124533
54 125033
54 125789
54 125817
54 126219
54 126769
54 128091
54 128159
54 128187
54 128192
54 128328
54 128521
54 129740
54 129802
54 130080
54 131078
54 131546
54 131673
54 132967
54 133002
54 133435
54 133987
54 134922
54 135046
54 135308
54 135578
54 135743
54 135789
54 136405
54 136521
54 137205
54 137286
54 138506
54 138564
54 138752
54 138915
54 139122
54 139305
54 139389
54 139708
54 140289
54 140712
54 141266
54 141357
54 141400
54 141553
54 142170
54 142202
54 142502
54 142806
54 143043
54 143253
54 143285
54 143295
54 143441
54 143590
54 143617
54 143654
54 144839
54 145037
54 145292
54 145329
54 145637
54 146136
54 146618
54 146736
54 148087
54 148318
54 148372
54 148397
54 149306
54 149493
54 149502
54 150774
54 151246
54 152435
54 152596
54 152741
54 152868
54 153403
54 153981
54 154834
54 154971
54 155030
54 158945
54 159290
54 159496
54 159981
54 160223
54 161173
54 162135
54 162536
54 162624
54 162874
54 163315
54 163398
54 163440
54 163508
54 164257
54 164306
54 164651
54 164697
54 165680
54 166232
54 166849
54 168138
54 168442
54 168465
54 168727
54 168781
54 168845
54 169025
54 169207
54 169447
54 169477
54 169519
54 169867
54 169869
55 60
55 463
55 1233
55 1288
55 1734
55 1899
55 1962
55 1991
55 2056
55 2833
55 2988
55 3313
55 4020
55 4451
55 4575
55 5085
55 5819
55 5948
55 6060
55 6253
55 6322
55 6408
55 7152
55 7158
55 7374
55 7381
55 7420
55 7436
55 7544
55 8026
55 8273
55 8377
55 8978
55 9094
55 9174
55 9243
55 9610
55 9663
55 10179
55 11310
55 11691
55 12416
55 13614
55 13803
55 13889
55 14199
55 14547
55 14609
55 14698
55 15786
55 16679
55 17084
55 17124
55 18429
55 18437
55 18853
55 19172
55 19647
55 19918
55 20625
55 21456
55 21636
55 22238
55 22529
55 22629
55 22954
55 23945
55 24455
55 24629
55 25097
55 26028
55 26059
55 26273
55 26563
55 27015
55 27046
55 27073
55 27644
55 27650
55 27753
55 28544
55 29060
55 29496
55 29551
55 29839
55 30193
55 30269
55 31183
55 31309
55 31643
55 31720
55 31924
55 32136
55 32440
55 32498
55 32550
55 32643
55 32685
55 32763
55 33094
55 33121
55 33125
55 33189
55 35074
55 35635
55 35827
55 36255
55 36285
55 36469
55 36491
55 36913
55 37977
55 38147
55 38269
55 38734
55 39282
55 39480
55 40538
55 40625
55 41405
55 41602
55 41701
55 42057
55 42277
55 42715
55 43035
55 44505
55 44539
55 44690
55 45174
55 45822
55 46075
55 46132
55 46452
55 46508
55 46764
55 46826
55 47676
55 47799
55 48425
55 48856
55 49887
55 50161
55 50480
55 50588
55 51030
55 51273
55 51329
55 51446
55 51591
55 52254
55 52664
55 52780
55 53560
55 53737
55 54315
55 56598
55 57666
55 57794
55 58307
55 58661
55 58799
55 59376
55 59840
55 60212
55 60314
55 60679
55 60749
55 60908
55 61040
55 62736
55 63096
55 63190
55 63540
55 64333
55 64417
55 64612
55 64871
55 65040
55 65545
55 65945
55 66052
55 66758
55 66841
55 67341
55 67400
55 67407
55 67530
55 68095
55 68172
55 68337
55 68521
55 68660
55 68807
55 68879
55 68998
55 69074
55 69111
55 69211
55 69366
55 69691
55 69953
55 70078
55 70878
55 71297
55 72348
55 72473
55 72753
55 74792
55 74841
55 75891
55 76275
55 76658
55 77264
55 77513
55 77557
55 77811
55 78431
55 79042
55 79224
55 80212
55 81065
55 81337
55 81493
55 81656
55 81709
55 81805
55 81926
55 82332
55 83180
55 83349
55 83355
55 83482
55 84178
55 84762
55 85423
55 85803
55 85944
55 86188
55 86614
55 86878
55 86918
55 87221
55 88317
55 88327
55 88339
55 88627
55 89838
55 90521
55 91374
55 91448
55 91881
55 91956
55 92511
55 92657
55 92972
55 93242
55 93549
55 94409
55 94888
55 95162
55 95273
55 95800
55 96088
55 96546
55 97716
55 97969
55 97978
55 98609
55 98618
55 98692
55 99168
55 99345
55 99592
55 99594
55 100411
55 100493
55 100570
55 100912
55 101811
55 103278
55 104263
55 105161
55 105404
55 105527
55 105635
55 105932
55 106462
55 106640
55 106745
55 106848
55 107004
55 107166
55 107264
55 107481
55 107558
55 107607
55 107971
55 108589
55 108634
55 109622
55 110592
55 111410
55 111608
55 112276
55 112638
55 112726
55 113715
55 113874
55 114334
55 114745
55 115288
55 115474
55 115854
55 116237
55 116299
55 116832
55 117234
55 118002
55 118428
55 118698
55 118851
55 119278
55 119381
55 119689
55 119799
55 120981
55 121658
55 122184
55 122487
55 123506
55 124481
55 124688
55 125364
55 126713
55 127103
55 127216
55 128100
55 128250
55 128258
55 128669
55 128790
55 129007
55 129023
55 129045
55 129131
55 129858
55 130127
55 130261
55 130307
55 130597
55 130780
55 131886
55 132953
55 133138
55 133235
55 133444
55 133675
55 133996
55 134240
55 134484
55 134781
55 135035
55 135269
55 135399
55 135529
55 135816
55 136389
55 136570
55 136819
55 137157
55 137403
55 138293
55 138472
55 139206
55 139299
55 139324
55 139382
55 139526
55 139728
55 139920
55 140210
55 140841
55 141652
55 141752
55 142592
55 142652
55 143200
55 143242
55 143291
55 144016
55 144070
55 144619
55 145881
55 146038
55 146268
55 146605
55 147185
55 147887
55 148164
55 148525
55 148749
55 148894
55 149011
55 149094
55 149236
55 149240
55 149277
55 149367
55 149999
56 2
56 367
56 919
56 1001
56 1500
56 1688
56 1803
56 1848
56 1897
56 2497
56 2868
56 3226
56 3714
56 4631
56 4767
56 4925
56 5242
56 5336
56 5795
56 6145
56 6155
56 6521
56 6796
56 6833
56 7456
56 7715
56 7808
56 8056
56 8061
56 8152
56 8203
56 8504
56 10104
56 10250
56 11065
56 11180
56 13160
56 14084
56 14680
56 15321
56 15481
56 15834
56 16077
56 16488
56 16702
56 16767
56 16782
56 17004
56 17847
56 18096
56 18414
56 18625
56 18713
56 18779
56 19618
56 19858
56 20245
56 20385
56 21004
56 21411
56 21913
56 21985
56 22862
56 23135
56 23476
56 23501
56 23655
56 23699
56 23882
56 24324
56 24697
56 24927
56 26314
56 27218
56 27947
56 28205
56 28337
56 28494
56 28520
56 29062
56 29174
56 29487
56 29831
56 29951
56 30717
56 30756
56 31196
56 31317
56 31957
56 32104
56 32837
56 32852
56 32989
56 33616
56 33751
56 34198
56 34232
56 34300
56 35039
56 35385
56 35735
56 35847
56 35850
56 36176
56 36313
56 36814
56 37682
56 37688
56 38046
56 38213
56 38514
56 40424
56 40843
56 40897
56 40949
56 41956
56 42262
56 42342
56 42669
56 42787
56 42847
56 43162
56 43302
56 43530
56 44200
56 44403
56 44608
56 45309
56 45379
56 46789
56 46847
56 46996
56 47872
56 47965
56 48561
56 48563
56 49307
56 49600
56 49791
56 49843
56 49897
56 49949
56 51116
56 51853
56 52165
56 52944
56 53065
56 53253
56 53375
56 54386
56 54978
56 55117
56 55738
56 55794
56 55825
56 56484
56 56687
56 57094
56 57124
56 58037
56 58400
56 59039
56 59211
56 59584
56 60698
56 61513
56 62034
56 63076
56 63778
56 63817
56 63954
56 63984
56 64365
56 64520
56 64726
56 65253
56 65731
56 66099
56 66111
56 66295
56 66526
56 66605
56 66735
56 66824
56 67126
56 67769
56 67994
56 68325
56 68732
56 69835
56 70044
56 70140
56 70492
56 70830
56 71064
56 72188
56 72434
56 72572
56 72695
56 72858
56 73013
56 73031
56 73548
56 73785
56 74868
56 74936
56 75375
56 75421
56 75452
56 75529
56 75666
56 75763
56 75766
56 75850
56 76059
56 76424
56 77484
56 77605
56 78146
56 79059
56 79662
56 79768
56 81065
56 81151
56 81593
56 81669
56 81881
56 81918
56 81992
56 82106
56 82590
56 83802
56 83848
56 84560
56 85039
56 85220
56 85609
56 86326
56 86679
56 87048
56 87524
56 87923
56 87926
56 88517
56 88768
56 88821
56 89309
56 89458
56 89712
56 90113
56 90360
56 91079
56 91217
56 91734
56 93610
56 93765
56 94150
56 94347
56 94489
56 94601
56 94898
56 95053
56 95165
56 95323
56 96093
56 96596
56 96642
56 96744
56 96936
56 97017
56 98140
56 98374
56 98625
56 99050
56 99067
56 99076
56 99353
56 99392
56 99612
56 99940
56 101327
56 101428
56 101461
56 101860
56 103381
56 104785
56 105239
56 106215
56 106898
56 107835
56 107958
56 108171
56 108329
56 108397
56 108431
56 108772
56 108965
56 109036
56 109294
56 109373
56 109855
56 110210
56 110913
56 110951
56 111699
56 113302
56 113847
56 113922
56 114118
56 114460
56 114530
56 115601
56 115632
56 116211
56 116233
56 116699
56 116734
56 117099
56 117390
56 117477
56 117490
56 117654
56 117796
56 118369
56 118783
56 119878
56 120450
56 120514
56 120941
56 120961
56 121447
56 121806
56 122193
56 124649
56 124652
56 124691
56 125089
56 125167
56 125588
56 125671
56 125893
56 126036
56 126950
56 127086
56 127311
56 127645
56 128457
56 129654
56 129740
56 131719
56 131819
56 132024
56 133023
56 133359
56 133784
56 134731
56 135779
56 137239
56 138307
56 139806
56 139807
56 139808
56 140309
56 140329
56 140642
56 140683
56 140973
56 140977
56 141681
56 142569
56 142637
56 143020
56 143127
56 143613
56 143850
56 144438
56 145289
56 145384
56 145675
56 148085
56 148411
56 148621
57 652
57 674
57 772
57 1101
57 1331
57 1794
57 2001
57 2139
57 2203
57 3610
57 5865
57 6012
57 6158
57 6673
57 7159
57 7496
57 8567
57 9001
57 9480
57 9525
57 9818
57 10129
57 10747
57 10959
57 11575
57 11623
57 12966
57 13020
57 13594
57 13970
57 15772
57 15975
57 16007
57 16010
57 17030
57 17257
57 17518
57 17616
57 17776
57 18119
57 18514
57 18728
57 19010
57 20134
57 20214
57 20551
57 20888
57 21072
57 21429
57 22177
57 22308
57 22513
57 23630
57 23721
57 23940
57 24990
57 25673
57 26106
57 26123
57 26694
57 26829
57 26943
57 27289
57 27823
57 27867
57 28040
57 28093
57 28187
57 28970
57 29478
57 30144
57 30442
57 30517
57 31671
57 31831
57 31832
57 32186
57 32702
57 32806
57 33335
57 33420
57 33441
57 33594
57 33690
57 34626
57 34689
57 35091
57 35219
57 35634
57 35980
57 36109
57 36694
57 38317
57 38715
57 38900
57 39266
57 39611
57 40592
57 41544
57 41560
57 41883
57 42040
57 42067
57 44154
57 44249
57 44426
57 44534
57 44643
57 45044
57 45394
57 45666
57 45805
57 46182
57 46186
57 46261
57 46724
57 47331
57 47474
57 47792
57 48637
57 48705
57 49128
57 49331
57 50042
57 50581
57 50874
57 51192
57 51637
57 51727
57 52304
57 52384
57 52450
57 52498
57 52522
57 52559
57 54622
57 54954
57 55477
57 55576
57 57799
57 58019
58 577
58 2041
58 2124
58 2163
58 2816
58 3448
58 3536
58 4470
58 4597
58 6145
58 6192
58 6219
58 6637
58 7784
58 7785
58 7816
58 7983
58 8187
58 8382
58 8468
58 8753
58 8761
58 8924
58 8987
58 10416
58 10418
58 11243
58 11724
58 12192
58 12217
58 12442
58 12856
58 13283
58 14433
58 14560
58 14627
58 14631
58 14938
58 15056
58 15134
58 15175
58 15972
58 16051
58 16434
58 16459
58 16690
58 16979
58 17015
58 17154
58 19111
58 19180
58 20220
58 21009
58 21089
58 21727
58 21806
58 22962
58 23122
58 24207
58 24282
58 24285
58 24332
58 24787
58 25349
58 26228
58 26452
58 26540
58 26695
58 27096
58 27453
58 27455
58 27569
58 27573
58 27723
58 27962
58 28329
58 28994
58 29338
58 29443
58 29477
58 30000
58 30797
58 31387
58 31688
58 31877
58 32294
58 32298
58 32799
58 34190
58 34937
58 34995
58 35027
58 35056
58 35488
58 35970
58 36112
58 36166
58 36258
58 38048
58 38289
58 38847
58 39208
58 39257
58 39612
58 40209
58 40401
58 40629
58 40733
58 41507
58 41915
58 42339
58 43066
58 43746
58 43838
58 44336
58 44859
58 44910
58 44968
58 45193
58 45939
58 47520
58 48336
58 48517
58 48834
58 50162
58 50443
58 51216
58 51265
58 51909
58 51998
58 52237
58 52445
58 53080
58 53862
58 54374
58 56132
58 56357
58 56365
58 56681
58 56753
58 57370
58 58086
58 58554
58 58908
58 58914
58 59439
58 59680
58 59874
58 60322
58 60456
58 61449
58 61917
58 62178
58 62296
58 62835
58 62893
58 64030
58 64155
58 64474
58 64666
58 64743
58 64761
58 65096
58 66111
58 67124
58 67660
58 67785
58 68140
58 68276
58 68577
58 68612
58 69419
58 70228
58 71283
58 71667
58 71864
58 71952
58 72630
58 72874
58 72983
58 73079
58 73479
58 73484
58 73556
58 74916
58 75426
58 76070
58 76463
58 76624
58 76703
58 76934
58 77389
58 78069
58 78699
58 78898
58 79039
58 79079
58 81175
58 81266
58 81613
58 81783
58 82009
58 82328
58 82623
58 82820
58 83239
58 83394
58 83488
58 83999
58 84532
58 84553
58 84896
58 85587
58 86099
58 86481
58 86738
58 87243
58 87373
58 87486
58 87498
58 87750
58 88272
58 88341
58 89068
58 89209
58 89501
58 90176
58 90914
58 91415
58 91425
58 92093
58 92564
58 92896
58 93240
58 93371
58 93497
58 94146
58 94306
58 94694
58 94708
58 95706
58 95963
58 97346
58 97357
58 98411
58 99224
58 99313
58 99356
58 99494
58 99743
58 99844
58 100270
58 101011
58 102341
58 102384
58 102672
58 103948
58 104097
58 104215
58 105054
58 105187
58 105530
58 105878
58 105958
58 106081
58 106238
58 106498
58 106941
58 107234
58 108193
58 108288
58 108391
58 108796
58 108836
58 109456
58 109594
58 109654
58 110652
58 110746
58 111622
58 111709
58 112068
58 112432
58 113241
58 114134
58 115202
58 115474
58 117134
58 117327
58 117582
58 117815
58 118051
58 118665
58 118862
58 118915
58 119053
58 119705
58 119783
58 120460
58 121151
58 121783
58 122232
58 122296
58 122616
58 122785
58 123008
58 123039
58 123659
58 123674
58 123696
58 123950
58 124005
58 124041
58 124089
58 124151
58 124216
58 124234
58 124334
58 124916
58 125053
58 125570
58 125671
58 125737
58 125893
58 126376
58 126647
58 128041
58 128499
58 128818
58 129038
58 129332
58 129669
58 130033
58 130286
58 130980
58 131544
58 131941
58 132024
58 132699
58 132744
58 132807
58 133074
58 133196
58 133391
58 133825
58 133853
58 133938
58 134014
59 1693
59 2178
59 2592
59 4698
59 5791
59 6125
59 6874
59 7140
59 7427
59 9103
59 10076
59 10102
59 10306
59 10819
59 11140
59 11676
59 12425
59 12654
59 13228
59 13435
59 14041
59 14445
59 14714
59 14754
59 14877
59 14920
59 15265
59 15567
59 16154
59 16288
59 16475
59 16710
59 16888
59 17022
59 17155
59 17374
59 17511
59 18363
59 18376
59 18999
59 19486
59 19571
59 19758
59 21094
59 21269
59 22773
59 23297
59 24713
59 24919
59 24964
59 25867
59 25903
59 26303
59 26785
59 26968
59 27154
59 27257
59 28380
59 28447
59 29083
59 29436
59 29518
59 29620
59 29729
59 32055
59 32146
59 32775
59 33528
59 34087
59 34186
59 34762
59 34900
59 35026
59 35493
59 36344
59 36498
59 37158
59 37589
59 37897
59 38146
59 38337
59 38666
59 38740
59 38882
59 38962
59 39030
59 39630
59 40177
59 40261
59 40326
59 40759
59 41101
59 41532
59 41856
59 43209
59 43223
59 43395
59 44662
59 44674
59 45926
59 45933
59 46008
59 46389
59 46775
59 46908
59 47571
59 48172
59 48440
59 48454
59 49192
59 49478
59 49560
59 50245
59 50796
59 50939
59 50940
59 51105
59 51560
59 51577
59 51817
59 51838
59 53062
59 53127
59 53155
59 53281
59 53371
59 53533
59 54040
59 54124
59 54345
59 54387
59 54418
59 54494
59 55450
59 55681
59 55967
59 56334
59 56473
59 56534
59 57690
59 58111
59 58260
59 59772
59 60767
59 60917
59 61343
59 62042
59 62357
59 62724
59 62803
59 62813
59 63480
59 64104
59 64836
59 64989
59 65075
59 65841
59 66387
59 66392
59 66696
59 66931
59 67022
59 67137
59 67714
59 69016
59 69272
59 69343
59 69580
59 69758
59 69759
59 71705
59 72153
59 72272
59 72437
59 72632
59 72706
59 72744
59 72816
59 73202
59 73839
59 73856
59 74282
59 75139
59 75702
59 75762
59 75963
59 76178
59 77120
59 77509
59 78608
59 79321
59 79411
59 79622
59 79674
59 80226
59 80537
59 80987
59 81009
59 81592
59 81727
59 81845
59 81957
59 82051
59 82322
59 82416
59 82672
59 82797
59 82985
59 84269
59 84552
59 86025
59 86328
59 86489
59 86506
59 86721
59 87098
59 87319
59 87361
59 87520
59 87952
59 88284
59 89046
59 89086
59 89841
59 90300
59 90388
59 90548
59 90557
59 90748
59 90899
59 91105
59 91398
59 91879
59 91912
59 92360
59 92423
59 92430
59 92618
59 93067
59 94070
59 96143
59 96427
59 96580
59 97204
59 97483
59 97500
59 99571
59 99674
59 99717
59 100619
59 100774
59 100958
59 101058
59 101215
59 101436
59 101559
59 102271
59 102486
59 103174
59 103193
59 103338
59 103414
59 104382
59 104610
59 104619
59 105088
59 105418
59 105780
59 105790
59 105874
59 106307
59 106514
59 106562
59 107487
59 107630
59 107987
59 108443
59 108755
59 108855
59 108971
59 110071
59 110988
59 111269
59 111305
59 112293
59 112415
59 112581
59 113257
59 113458
59 114549
59 114604
59 115914
59 116878
59 117145
59 117220
59 117523
59 117607
59 119470
59 119744
59 119846
59 120023
59 120750
59 121166
59 121223
59 122193
59 123129
59 123556
59 123644
59 123782
59 123937
59 124344
59 124428
59 124455
59 124540
59 124656
59 124822
59 125189
59 125638
59 125945
59 126389
59 126644
59 126889
59 126994
59 127613
59 127940
59 128226
59 128407
59 128426
59 128745
59 129077
59 129629
59 129976
59 130063
59 130077
59 130151
59 130515
59 131512
59 132617
59 132777
59 133313
59 133375
59 133429
59 133452
59 134157
59 134634
59 134682
59 135638
59 136109
59 137394
59 137518
59 138006
59 138837
59 139115
59 139380
59 139670
59 140012
59 140965
59 140977
59 141358
59 141641
59 142088
59 142559
59 142593
59 142672
59 143547
59 143902
59 144372
59 144670
59 145406
59 145654
59 146337
59 147582
59 148159
59 148301
59 148720
59 149886
59 149910
59 150764
59 150795
59 151044
59 151665
59 151851
59 151982
59 152163
59 152262
59 152321
59 152588
59 152749
59 153046
59 153199
59 153274
59 154221
59 154568
59 155404
59 156545
59 156616
60 210
60 771
60 965
60 1213
60 1718
60 2284
60 2514
60 3009
60 3394
60 4810
60 4903
60 4918
60 4933
60 4944
60 5327
60 6452
60 6617
60 7831
60 8053
60 8254
60 8527
60 9030
60 9046
60 9951
60 10042
60 12005
60 12364
60 13384
60 13452
60 14134
60 14441
60 14507
60 16321
60 17160
60 17529
60 18383
60 19106
60 19819
60 20013
60 20164
60 20935
60 21057
60 21482
60 21579
60 21951
60 22129
60 22750
60 22927
60 22974
60 23187
60 23273
60 23501
60 23510
60 24042
60 24103
60 25027
60 25402
60 25653
60 27820
60 27847
60 28041
60 28451
60 28669
60 29114
60 29300
60 29480
60 29657
60 30078
60 30532
60 31197
60 31523
60 31851
60 32368
60 33450
60 34553
60 35171
60 35985
60 36127
60 36296
60 36633
60 36954
60 37049
60 37079
60 37108
60 37393
60 37529
60 37741
60 37823
60 38904
60 38991
60 39454
60 39685
60 39773
60 39900
60 40836
60 40984
60 41906
60 42051
60 43575
60 45203
60 45668
60 46440
60 46471
60 46875
60 46889
60 46926
60 47010
60 47675
60 48040
60 48238
60 48356
60 48799
60 49395
60 50194
60 50243
60 50449
60 50733
60 50995
60 51496
60 52309
60 52407
60 52416
60 52718
60 52772
60 55342
60 55418
60 55992
60 56055
60 56574
60 56634
60 57071
60 58081
60 59756
60 60270
60 60499
60 60608
60 61424
60 61771
60 64402
60 64873
60 65620
60 65740
60 67017
60 67925
60 68016
60 68115
60 68330
60 68649
60 68877
60 68962
60 69213
60 69760
60 69993
60 71197
60 71329
60 71939
60 72074
60 72101
60 72363
60 72869
60 72932
60 73055
60 73637
60 74335
60 74487
60 74615
60 75129
60 75154
60 75235
60 75603
60 77007
60 77692
60 77721
60 78103
60 78284
60 78299
60 78600
60 78785
60 79145
60 79344
60 79609
60 79671
60 81002
60 81124
60 82317
60 82367
60 83326
60 83944
60 84787
60 84808
60 84971
60 85048
60 85269
60 85624
60 85898
60 86465
60 86818
60 87414
60 87701
60 88058
60 89312
60 89970
60 90376
60 91274
60 91637
60 91856
60 92442
60 92866
60 93275
60 93352
60 93484
60 94301
60 94320
60 94736
60 95989
60 96227
60 97521
60 98166
60 98482
60 99982
60 100110
60 100642
60 100663
60 100851
60 100926
60 101498
60 101701
60 101831
60 101988
60 102257
60 102754
60 102936
60 103080
60 103412
60 104153
60 104479
60 105418
60 105497
60 107445
60 107870
60 108112
60 108249
60 108760
60 109792
60 110286
60 110415
60 111350
60 111729
60 111735
60 112288
60 112380
60 112703
60 113773
60 114197
60 115211
60 115422
60 116767
60 117196
60 117690
60 117860
60 117893
60 117894
60 119555
60 120705
60 120751
60 120760
60 120865
60 121280
60 121284
60 121426
60 121768
60 122029
60 123066
60 123701
60 123874
60 124140
60 124477
60 125260
60 125262
60 125338
60 125627
60 126059
60 126086
60 126391
60 127407
60 127554
60 128187
60 128389
60 128526
60 128711
60 128746
60 128807
60 129555
60 130188
60 130553
60 131309
60 131495
60 132169
60 133065
60 133167
60 133355
60 133404
60 133483
60 136587
60 136618
60 137672
60 137817
60 137973
60 137986
60 138328
60 138370
60 138752
60 138773
60 139085
60 139878
60 139897
61 1128
61 1894
61 2399
61 2791
61 3259
61 3275
61 4166
61 4381
61 4849
61 5397
61 5532
61 5876
61 6692
61 6768
61 7734
61 7820
61 7985
61 8500
61 8627
61 9337
61 9837
61 10425
61 10601
61 11722
61 11939
61 12596
61 12778
61 12868
61 12946
61 14024
61 14446
61 14753
61 14774
61 15077
61 15519
61 16108
61 16120
61 16390
61 16501
61 16635
61 16667
61 17172
61 17981
61 18010
61 18804
61 18993
61 19087
61 19351
61 19795
61 20914
61 20930
61 21439
61 21650
61 21823
61 22576
61 22661
61 22765
61 23070
61 23174
61 23257
61 24472
61 25297
61 25395
61 25412
61 26006
61 26030
61 26386
61 26681
61 26820
61 26993
61 27221
61 27384
61 27522
61 28763
61 29094
61 29401
61 29837
61 30443
61 31037
61 31620
61 32143
61 32805
61 33039
61 33269
61 33548
61 33617
61 33703
61 34609
61 35516
61 35629
61 36149
61 36755
61 37427
61 37579
61 38174
61 38197
61 38512
61 38898
61 40002
61 40030
61 40594
61 40896
61 41186
61 42301
61 42353
61 42521
61 42850
61 42997
61 43085
61 43371
61 44591
61 45574
61 45937
61 47926
61 48552
61 49021
61 49486
61 49745
61 50802
61 51220
61 52560
61 53858
61 53953
61 54120
61 54229
61 54298
61 55019
61 55217
61 55597
61 56755
61 56884
61 56973
61 57763
61 57902
61 58337
61 58963
61 59010
61 59747
61 60576
61 60613
61 60815
61 61256
61 61941
61 62538
61 63202
61 63551
61 63712
61 63734
61 63930
61 64210
61 65824
61 65842
61 65856
61 66777
61 67777
61 68459
61 68651
61 69525
61 70122
61 71618
61 71639
61 71663
61 72028
61 72402
61 72501
61 72506
61 72731
61 73317
61 73462
61 73522
61 73666
61 74015
61 74460
61 74737
61 74903
61 75730
61 76294
61 77046
61 77640
61 79160
61 79164
61 80249
61 81419
61 81688
61 82641
61 83114
61 83682
61 83951
61 85963
61 86712
61 87674
61 88215
61 88471
61 88495
61 88902
61 90170
61 91088
61 91642
61 92078
61 92390
61 92746
61 92757
61 92968
61 93323
61 93410
61 93512
61 95576
61 95623
61 95878
61 95913
61 96099
61 96706
61 96954
61 97818
61 97962
61 98063
61 98410
61 98506
61 99002
61 99307
61 99712
61 103524
61 105006
61 105282
61 105973
61 106107
61 108460
61 108685
61 108697
61 108843
61 109731
61 109949
61 109964
61 110232
61 110242
61 110527
61 111772
61 111797
61 111961
61 112296
61 112362
61 112726
61 113423
61 113463
61 113953
61 114589
61 115074
61 115545
61 115592
61 115598
61 116037
61 116244
61 116369
61 117651
61 118057
61 118100
61 118200
61 118560
61 119083
61 119800
61 120175
61 120247
61 120629
61 120876
61 121237
61 121476
61 122258
61 123904
61 124969
61 125681
61 125700
61 125753
61 126358
61 126949
61 127177
61 127710
61 130078
61 130672
61 130795
61 131196
61 132202
61 132485
61 132858
61 134928
61 135577
61 136363
61 136586
61 136966
61 137538
61 138275
61 138369
61 138390
61 138409
61 138442
61 138645
61 139457
61 140413
61 140697
61 140771
61 141159
61 141218
61 141302
61 141417
61 141629
61 141883
61 142079
61 142877
61 142936
61 143434
61 143533
61 144311
61 144730
61 145526
61 146252
61 147295
61 147382
61 147868
61 148041
61 148693
61 149497
61 150218
61 150469
61 151221
61 152791
61 153410
61 153549
61 153552
61 153741
61 154558
61 154737
61 155350
61 156065
61 156176
61 156244
61 156655
61 156698
61 157383
61 157432
61 157738
61 157812
61 158030
61 158155
61 158506
61 158799
61 159382
61 160258
61 160661
61 161279
61 161348
61 161668
61 161799
61 161981
61 162215
61 162396
61 162840
61 162869
61 163183
61 163335
61 163351
61 163435
63 77
63 2391
63 3794
63 4047
63 5550
63 6269
63 6416
63 7955
63 9354
63 9401
63 9712
63 10895
63 10998
63 11201
63 12794
63 13270
63 13568
63 13655
63 14648
63 16032
63 16637
63 18432
63 19113
63 19289
63 20012
63 20623
63 21084
63 21380
63 22269
63 22443
63 23015
63 23693
63 24039
63 24243
63 24932
63 25502
63 26479
63 27396
63 27925
63 28520
63 30678
63 31548
63 32033
63 32211
63 32315
63 32817
63 33128
63 33945
63 34339
63 34484
63 36288
63 36295
63 36866
63 36917
63 39537
63 39609
63 41285
63 41913
63 42086
63 42784
63 42964
63 43625
63 44333
63 45320
63 45393
63 46071
63 46088
63 46373
63 46845
63 47427
63 47580
63 47877
63 48309
63 48517
63 48930
63 50725
63 51309
63 53107
63 53522
63 53529
63 53899
63 54447
63 55090
63 55920
63 56315
63 57047
63 57177
63 57444
63 57601
63 58604
63 58666
63 61629
63 62817
63 63343
63 63494
63 64011
63 64455
63 64507
63 65303
63 67006
63 67707
63 67793
63 68713
63 68774
63 69189
63 69295
63 72155
63 72210
63 72240
63 72508
63 72587
63 72966
63 73384
63 76852
63 77421
63 77753
63 78979
63 79725
63 80480
63 80758
63 81161
63 81926
63 82563
63 83483
63 83879
63 84515
63 84661
63 86313
63 86335
63 86854
63 87009
63 88572
63 89194
63 89427
63 89892
63 90033
63 90593
63 91374
63 92143
63 92144
63 93213
63 93663
63 94351
63 94524
63 94911
63 95123
63 95878
63 96354
63 96356
63 100103
63 100300
63 100997
63 101129
63 101521
63 101889
63 105508
63 105870
63 106532
63 107153
63 107933
63 108757
63 108778
63 108901
63 108978
63 109345
63 110134
63 110312
63 110485
63 110638
63 110936
63 110972
63 111429
63 111880
63 112890
63 114356
63 114850
63 115159
63 115488
63 117423
63 117557
63 119528
63 120219
63 122386
63 123491
63 123587
63 124031
63 124052
63 124646
63 124827
63 125043
63 126520
63 126881
63 127230
63 128373
63 128804
63 129153
63 130248
63 130856
63 131050
63 131473
63 132155
63 133181
63 133256
63 133445
63 135466
63 136866
63 136973
63 138228
63 140199
63 140940
63 141430
63 143528
63 144357
63 144428
63 144756
63 146388
63 147614
63 147746
63 148245
63 149867
63 150450
63 150575
63 151731
63 151985
63 152185
63 152440
63 152612
63 153176
63 153834
63 153854
63 153938
63 154983
63 155430
63 155641
63 156637
63 157347
63 157823
63 157872
63 158092
63 158340
63 158742
63 158859
63 159716
63 159797
63 160659
63 162619
63 162882
63 165013
63 165026
63 166421
63 166630
63 166737
63 168700
63 168702
63 169676
63 169799
63 170158
63 170417
63 171066
63 171653
63 172480
63 172815
63 174033
63 174052
63 174323
63 175102
63 175243
63 175347
63 176017
63 176326
63 176720
63 176998
63 178298
63 178730
63 179252
63 180505
63 181147
63 181756
63 181884
63 181981
63 183209
63 184893
63 186083
63 186291
63 187133
63 187276
63 187810
63 187910
63 188633
63 188729
63 192424
63 192434
63 193259
63 194014
63 194093
63 194821
63 196962
63 197687
63 197866
63 198196
63 199228
63 201590
63 201620
63 201675
63 202748
63 202813
63 204482
63 205666
63 205796
63 206426
63 207112
63 207175
63 207440
63 207852
63 208968
63 209813
63 209836
63 209939
63 210894
63 210931
63 211483
63 213049
63 213665
63 213743
63 214007
63 214745
63 214813
63 215883
63 216113
63 216730
63 217645
63 218465
63 219195
63 219387
63 219569
63 219842
64 692
64 741
64 1520
64 2241
64 2285
64 2360
64 3128
64 3364
64 3840
64 6428
64 7061
64 7845
64 8792
64 9240
64 9712
64 11335
64 11407
64 11426
64 12777
64 13912
64 14076
64 14670
64 15095
64 16218
64 17108
64 17170
64 17279
64 17449
64 17879
64 19687
64 20416
64 20764
64 20929
64 21465
64 22003
64 22133
64 23126
64 23783
64 25573
64 26606
64 27569
64 28702
64 30149
64 30493
64 30626
64 30871
64 32017
64 32199
64 33418
64 34065
64 34097
64 34469
64 34542
64 34642
64 35763
64 36691
64 37675
64 37959
64 39075
64 40339
64 40408
64 41408
64 41691
64 42425
64 42443
64 43222
64 43619
64 43884
64 45540
64 45616
64 46951
64 47049
64 47697
64 47863
64 48668
64 50396
64 50452
64 50846
64 51114
64 51581
64 51749
64 53697
64 54266
64 56172
64 56736
64 57009
64 57551
64 58002
64 58032
64 58317
64 60856
64 61314
64 63418
64 64865
64 64874
64 66001
64 66310
64 68510
64 68907
64 69368
64 69788
64 70823
64 70853
64 71496
64 74048
64 74956
64 77058
64 78449
64 78454
64 79124
64 79188
64 79286
64 79293
64 80619
64 80718
64 80957
64 81091
64 81135
64 81437
64 81697
64 82687
64 82798
64 83165
64 84500
64 85258
64 85434
64 85986
64 86174
64 87368
64 87823
64 87996
64 89215
64 90585
64 91663
64 92701
64 93258
64 93470
64 93602
64 94658
64 94685
64 94775
64 96404
64 96739
64 96818
64 98160
64 98206
64 98723
64 98761
64 99011
64 99659
64 100384
64 100456
64 100627
64 100918
64 101264
64 102302
64 103718
64 104355
64 104600
64 105696
64 106859
64 107440
64 108395
64 108872
64 111054
64 111413
64 111699
64 112276
64 112998
64 113824
64 114667
64 114868
64 115117
64 115415
64 115439
64 115742
64 116002
64 116116
64 116720
64 117236
64 117302
64 117532
64 117941
64 118923
64 118961
64 119369
64 119757
64 121131
64 121897
64 122236
64 123131
64 123178
64 123727
64 124174
64 124265
64 124268
64 124935
64 125101
64 125140
64 125753
64 125774
64 125794
64 127165
64 127973
64 129898
64 130487
64 131352
64 133072
64 134448
64 134733
64 135075
64 135608
64 136088
64 136951
64 137049
64 137274
64 137318
64 139437
64 140210
64 140403
64 141241
64 142524
64 142632
64 142699
64 143481
64 143493
64 143727
64 144276
64 146094
64 146370
64 146574
64 146895
64 147215
64 147811
64 148238
64 148491
64 148589
64 149045
64 149191
64 149368
64 150977
64 151163
64 151356
64 151769
64 153814
64 154139
64 154770
64 154804
64 155739
64 155859
64 156650
64 157074
64 158516
64 158939
64 160121
64 160148
64 160324
64 160518
64 162096
64 162367
64 163349
64 163755
64 164119
64 165415
64 166518
64 167213
64 167618
64 167633
64 167833
64 169336
64 169441
64 169451
64 169896
64 170176
64 170391
64 170753
64 171926
64 171989
64 172437
64 172504
64 172753
64 173222
64 173722
64 174237
64 174335
64 174440
64 174749
64 175679
64 175924
64 176120
64 176317
64 176753
64 177337
64 178192
64 180577
64 181013
64 181577
64 182106
64 183451
64 183608
64 183855
64 185567
64 185833
64 187244
64 188253
64 188347
64 189467
64 189644
64 191539
64 192168
64 192228
64 192277
64 193415
64 194244
64 194876
64 195320
64 195766
64 195974
64 196229
64 196606
64 197382
64 198091
64 199087
64 199244
64 199785
64 200538
64 200886
64 204783
64 206374
64 206650
64 207931
64 208342
64 210185
64 210745
64 210784
64 210880
64 211149
64 211445
64 212264
64 212278
64 213597
64 213693
64 214238
64 215423
64 217149
64 217780
64 217925
64 219244
64 219390
64 219554
64 220712
64 220882
64 221461
64 222842
64 222872
64 223426
64 225159
64 226069
64 226288
64 226506
64 226599
64 227221
64 227752
64 228600
64 228778
64 229342
64 231211
64 231636
64 233174
64 233801
64 234114
64 235174
64 236399
64 237072
64 237079
64 239654
64 239902
64 240514
64 240771
64 241287
64 241848
64 243710
64 244492
64 244664
64 244781
64 245038
64 245877
64 246049
64 248115
64 248932
64 249017
64 249159
64 249572
64 249588
64 249734
64 250399
64 250439
64 250989
64 251066
64 251104
64 251190
64 251192
64 251681
64 251751
64 252882
65 710
65 1289
65 1475
65 1866
65 2154
65 2257
65 2946
65 3067
65 3073
65 3226
65 3617
65 4059
65 4099
65 4379
65 4865
65 4868
65 5152
65 5502
65 5667
65 5861
65 5927
65 5932
65 7581
65 8737
65 9014
65 9030
65 9874
65 10127
65 10448
65 12559
65 12997
65 13462
65 13876
65 14107
65 14887
65 14943
65 15856
65 17674
65 19089
65 19315
65 19680
65 20129
65 20480
65 21317
65 21530
65 21773
65 21905
65 22144
65 22351
65 22524
65 23607
65 23659
65 24110
65 24359
65 24561
65 25643
65 27187
65 28208
65 29172
65 30208
65 30633
65 31008
65 31039
65 31521
65 32218
65 32315
65 32413
65 32482
65 33768
65 33878
65 33951
65 34221
65 34427
65 34765
65 35166
65 35859
65 37888
65 38321
65 38640
65 38705
65 39046
65 39432
65 39668
65 39673
65 39677
65 40365
65 40770
65 40839
65 41636
65 42369
65 43916
65 44093
65 44301
65 45657
65 45775
65 46400
65 46993
65 47353
65 47364
65 48620
65 49058
65 49542
65 49559
65 49765
