50 13109
50 26241
49 51693
50 26373
50 13373
49 90431
50 26677
49 414
50 26717
49 422
49 129136
50 465
49 64721
49 90592
50 26963
49 38994
50 27021
49 52222
50 27072
49 64848
49 39036
50 13955
49 116222
49 64892
49 142403
50 732
49 90954
49 77749
49 129847
50 27484
49 39621
49 103739
49 103743
49 116642
49 1083
50 27602
50 27734
49 39914
50 14663
49 78139
50 14685
50 27934
49 91606
49 91609
49 78261
49 155705
50 1424
49 104606
49 53252
49 91804
49 13992
49 117312
49 155903
50 1695
49 143321
49 117694
49 156246
50 1920
49 26898
49 14524
50 2061
49 143584
50 2107
49 27110
49 2386
49 92427
49 40981
49 118078
49 92658
49 41242
49 106242
49 118211
50 2477
49 92825
49 79567
49 66795
49 2871
49 54530
49 106705
49 118528
49 157046
49 106796
49 15054
49 41596
49 118625
49 93147
49 131884
49 79991
50 15588
50 28752
49 118905
50 3032
49 54919
49 15399
49 107098
49 67342
50 3139
49 107198
49 80382
49 107401
49 119170
49 157486
49 144646
50 3282
49 28144
49 80555
49 3711
49 144776
49 119403
49 3891
49 16167
50 16372
50 3724
49 145176
50 3774
49 4220
50 29502
49 42569
50 29652
49 42831
50 16766
50 29737
49 4534
49 16492
49 145548
49 158227
50 29830
49 68475
49 133420
49 94373
49 120412
49 145643
49 68668
50 29943
49 120505
49 145714
49 108803
49 17032
49 29529
49 17158
49 5197
49 56781
49 29706
49 120884
49 5293
49 120919
49 109115
49 43676
49 120946
50 4780
50 4793
49 17496
49 121148
49 95205
50 17721
49 17740
49 146506
50 5074
49 30266
49 30308
49 109633
49 57268
49 30346
49 109760
49 44132
49 44144
49 82767
50 30917
49 30525
49 30607
49 146950
49 109987
49 134724
49 69871
49 57718
49 44520
49 134967
49 82995
49 57955
49 70154
49 83108
50 5787
49 83143
49 44746
49 122111
50 18640
49 58205
50 6008
49 70435
49 122200
49 147472
49 96288
49 135469
49 160301
49 122319
49 70546
49 83761
49 160438
49 19004
49 147753
49 122529
49 83986
49 45364
49 96697
49 96706
49 110669
50 31719
49 122770
49 160799
49 84245
49 71074
49 45617
49 110851
49 84359
49 96992
49 136133
49 148221
49 148224
50 32014
49 84627
49 58968
50 6885
49 45875
49 19918
49 97501
49 97539
49 97555
49 136499
50 32507
49 84821
49 59287
49 84911
49 59341
49 123539
49 32592
49 97569
49 136706
49 46291
50 32678
49 148962
49 123619
49 85042
49 46366
49 85192
49 8258
49 20364
49 59712
49 59714
49 72099
49 85477
49 46632
49 137075
49 8420
49 112268
49 112280
49 33045
49 86286
49 20933
49 149560
49 33211
49 124713
50 7776
49 21010
50 7791
50 21377
50 21417
49 124929
50 7847
50 21542
49 33457
49 137825
49 149848
49 112619
49 60584
49 125091
49 47568
49 125175
50 21875
49 21514
49 150232
49 98581
50 22070
49 60795
49 73317
49 9647
49 73390
49 87475
49 126014
49 47842
49 150786
49 126339
49 73589
49 126467
49 87871
49 113746
49 126615
49 87920
49 34490
49 150913
49 73855
49 88179
49 99378
49 151178
49 126978
49 88439
49 22769
49 88550
49 34919
49 127135
49 151439
50 23563
50 23599
50 23603
49 139524
49 139583
50 23899
50 23948
49 49118
49 11167
49 127797
50 9655
49 35565
49 128136
49 11356
49 74998
49 128244
49 35647
49 62640
49 62691
49 128535
49 128573
49 49600
49 23657
49 49774
49 128890
49 11789
49 152557
49 23854
49 115464
49 49940
49 50260
49 36398
50 10359
49 140836
49 140866
49 101284
49 101315
49 64023
49 50754
49 64181
49 64217
49 12546
49 51192
49 64534
49 12874
50 10907
49 153447
49 51480
49 25766
49 76614
49 141790
49 153903
49 76955
49 76966
49 77078
50 11798
49 77335
50 11873
49 154661
49 103001
50 12098
49 38387
