54 142036
53 13512
64 133
50 732
54 117723
51 830
60 1044
54 118157
49 2097
65 1416
49 2386
54 1996
54 144540
54 144572
55 2487
61 2429
49 3309
61 2737
51 3549
51 3600
59 3687
49 4417
50 3774
49 4534
54 121432
53 4694
65 26104
55 4339
54 121719
54 4781
65 4963
58 4933
64 4664
51 5189
60 5260
54 122499
57 5680
50 5787
55 5828
51 6162
54 148702
59 6514
54 149091
60 7073
61 6871
64 6741
60 7460
64 7056
53 8077
49 8258
51 8129
59 8371
54 125662
54 151039
65 8543
61 8723
64 8572
60 9367
64 8734
57 9523
54 126824
60 10428
57 10679
54 153162
49 11167
54 153586
49 11356
51 11834
49 11789
57 11777
60 11780
60 11945
59 11973
54 154676
64 11264
57 12240
54 129472
64 11809
65 12236
54 155567
55 12982
65 35922
54 168752
57 13943
54 14363
51 14601
54 169274
50 13955
57 14557
65 13818
49 14652
65 37129
61 14083
61 14585
54 15604
51 15758
57 15538
63 240
58 15195
61 15005
55 15749
54 158989
60 17955
54 159418
60 18105
63 1280
60 18137
49 16886
55 16426
49 17158
60 18742
65 15876
50 16766
63 1982
49 17740
61 16846
55 17173
54 160284
63 2245
65 39330
54 136454
49 18153
59 17484
65 16184
59 17834
64 16364
57 18882
60 21251
54 161504
49 19004
65 16530
55 18576
51 19783
54 137944
61 18097
65 40809
60 22961
54 20297
64 17625
49 19918
63 4463
64 17951
58 19343
49 20364
63 4649
54 163055
51 21371
49 20933
54 21721
54 21893
65 42669
61 19841
63 5657
54 22500
59 21480
54 140927
55 20882
59 21777
58 21303
49 22103
54 22974
55 21301
54 165416
65 44263
59 22812
54 51930
54 24282
54 52043
49 23657
60 28189
54 52794
54 52980
65 21542
54 167204
63 8594
55 23414
50 23948
64 22369
57 25593
65 46079
54 167810
65 22556
55 24224
54 54134
65 22885
64 23458
54 54502
58 25287
65 47556
54 27649
55 25817
50 26241
49 27110
64 24517
57 27710
59 27006
54 55958
54 79668
65 48436
54 28985
61 26241
61 26680
63 12330
51 29971
58 28264
51 30146
58 28800
49 102539
63 13635
50 29408
55 28870
54 82690
49 30266
54 59327
63 14032
51 31599
50 29943
64 28016
60 35952
54 83010
59 31108
63 14561
50 30494
61 104813
49 103739
63 14654
63 14730
63 14790
57 32124
58 30546
59 31429
58 30801
57 32473
59 31599
63 15284
64 29169
64 29199
51 33120
54 33327
50 31484
64 29827
60 38104
54 34482
64 30497
54 85887
63 16800
54 62426
54 62522
61 31810
59 34229
61 108228
60 39765
54 63471
58 33480
64 31836
54 36274
64 32066
59 34996
54 88064
54 88529
58 33850
63 18848
49 35647
54 64582
49 108890
55 34921
54 89915
60 40915
55 35041
64 33242
51 37909
61 110442
54 65237
61 132356
51 38037
63 19908
55 35552
54 91723
49 36398
54 39199
54 93080
49 111008
55 36840
59 38646
61 112449
61 35598
61 134739
51 40309
49 112268
55 37973
61 113650
54 68346
51 41593
64 37037
58 38502
61 37804
59 41111
58 38780
54 96520
63 23811
54 70267
54 70356
61 137924
51 43481
57 42373
61 38926
54 44065
54 98756
61 117533
64 39751
61 139840
61 117858
58 41436
51 45916
61 41236
64 40769
61 140565
49 117694
63 27002
58 42706
64 41163
61 41906
63 27177
61 119204
61 119579
55 44122
54 74531
55 44141
49 118814
60 50543
59 46661
61 42978
54 101875
60 51217
49 119884
61 120859
61 142705
55 45183
51 48499
64 42860
49 120412
64 43131
60 51955
64 43354
54 76289
60 52219
59 48160
49 120946
54 49581
59 48387
61 44955
64 44287
58 46151
54 103932
61 45391
51 50460
61 145069
54 51544
59 50479
63 118402
61 124277
58 47994
63 32105
54 105868
64 46106
57 50598
59 51400
64 46317
61 147109
63 119220
63 33083
55 49878
59 52305
49 125175
59 52445
61 148441
61 48935
63 34043
63 34266
60 57189
57 52818
55 51486
55 51525
60 57718
49 126615
49 52222
63 121996
64 49222
64 49761
61 129035
59 55448
61 51298
49 53832
64 50418
63 36565
55 53814
58 52881
49 54530
61 52943
63 38102
63 48942
59 58254
54 113420
59 58500
55 56089
60 62150
63 39003
63 39105
49 56781
61 54811
55 56745
58 55862
60 63030
63 126764
51 61439
61 155668
55 58263
63 50804
61 155930
49 133873
49 59287
58 56862
55 59708
64 55880
55 59890
63 70763
55 60377
64 146737
63 52478
64 147830
51 65578
64 148357
63 72738
64 57952
64 57990
64 149198
49 62640
49 62691
59 64967
55 65184
61 158968
59 65306
49 137825
55 65504
55 65533
60 68861
55 66246
55 66913
63 75403
55 68036
58 61540
58 61755
49 64181
49 64217
60 82772
59 67831
64 152299
64 152363
58 63117
51 70745
49 140836
49 140866
63 134960
55 71148
59 69560
61 63465
59 69632
63 46685
55 71896
55 71935
55 72156
51 72326
55 72542
63 164826
58 65282
49 142403
63 59938
49 142698
60 75455
60 85727
63 79719
63 80231
64 64458
51 74736
59 73994
64 64639
55 76376
63 80810
59 75218
63 61660
61 66439
63 137456
59 75965
58 67833
60 105301
58 68091
49 145176
60 105689
51 76615
59 77235
49 69871
63 137825
49 70435
64 158827
49 70546
55 80226
55 80353
63 63116
63 190978
55 80694
61 68067
63 63405
63 138887
63 83637
63 83778
60 108308
63 191958
63 170283
51 79435
63 84303
63 192576
63 64679
51 80276
61 70419
58 71858
63 85933
61 70814
49 72954
63 172508
64 70248
64 163167
60 111698
49 150913
63 141794
49 73855
49 151178
64 71128
63 87190
49 151439
63 195852
64 71458
64 164029
63 67569
59 83928
51 83994
51 84757
51 85199
64 165869
64 73479
63 70123
64 73767
63 70175
60 115404
49 76955
64 166628
51 86578
61 75545
63 94282
64 167631
58 77019
60 116585
58 77342
55 93700
55 93841
61 77237
49 156246
59 88760
58 78655
63 92746
64 169310
49 79991
49 157046
64 169525
59 89565
63 93406
51 89445
59 89878
49 80460
60 98106
49 80555
59 90054
49 80604
51 89910
63 148094
55 95700
61 79072
55 96007
63 202713
64 78082
49 158488
63 148962
60 120160
60 99597
59 104855
49 159121
55 97130
55 97195
61 80776
60 100761
60 100778
59 105714
60 100868
63 182620
63 150852
60 101851
60 102027
49 161208
63 151420
63 151442
63 205596
55 99218
64 173604
61 82400
64 173658
64 173842
60 102542
63 183696
63 183726
51 94561
59 108257
59 95546
49 89802
56 94
51 95759
60 124934
63 184838
64 175615
63 207812
56 685
60 126262
49 90954
59 110339
56 1137
58 86985
49 91606
63 208976
49 87871
49 92040
59 111598
60 128493
60 128539
63 209538
63 154401
49 88439
59 99778
58 88120
49 92658
61 86425
63 154927
63 186808
63 155188
58 89157
63 187198
63 155671
63 187935
58 90340
58 90380
61 88334
61 88481
55 105739
63 106849
63 157445
64 86360
63 212696
56 6251
49 96288
63 107685
64 87298
63 158257
59 130148
51 100991
51 101317
60 134822
63 213934
63 108362
64 87661
60 135002
55 108149
49 97501
49 97539
61 90968
60 135594
59 117196
63 159417
59 117400
60 135985
64 182810
49 98572
59 118235
63 215408
64 89432
59 132976
64 184040
64 90198
60 137749
56 9953
58 95711
55 110870
51 104447
51 104627
56 10452
51 105018
60 138783
51 105472
55 112289
63 112507
58 97511
64 92246
63 163211
64 92371
59 135780
58 112688
59 136515
59 122493
63 113725
59 136998
51 107261
55 113859
51 107532
59 143719
64 93657
59 137981
58 100056
56 14245
56 14391
58 100909
59 144830
61 98421
59 144943
58 116289
55 115940
52 2209
63 115895
63 115924
55 116215
55 120303
59 145527
64 95343
56 15403
56 15461
58 117417
51 110295
51 110907
59 140826
58 103168
52 4095
64 96962
61 101094
58 104182
59 127672
58 104243
51 112022
64 97306
56 17741
52 5116
52 40405
59 128516
51 135325
64 98208
55 133294
58 131829
58 120885
56 19379
64 194206
52 7308
55 144501
51 114797
51 137236
52 7992
52 13614
64 195899
52 43166
64 196137
55 146230
51 139044
52 15004
55 127390
64 197301
64 197312
52 15417
52 16158
55 148368
56 24204
58 126239
55 129184
55 148883
59 155143
59 155767
64 104712
52 18533
51 143641
56 26680
52 18810
51 120975
56 27257
55 141195
55 141294
56 92016
55 141583
52 20339
56 28417
52 64075
56 52158
56 65095
56 29392
52 64621
55 142876
52 64698
52 51785
56 93448
64 203855
51 157758
56 31009
56 94480
56 66815
52 23077
52 30554
56 67151
56 79950
51 148448
56 118173
64 217237
56 32222
51 148971
51 159851
56 118800
64 217784
64 218391
56 82540
52 24342
56 96531
64 111400
56 83196
64 206350
51 150598
52 25108
64 206758
56 34806
64 219548
64 207109
56 97473
51 151858
51 162746
64 112728
64 207813
51 129733
56 36291
56 129657
56 86926
56 122592
64 208514
56 99034
51 164344
56 130304
56 87651
64 130222
64 130298
56 99947
51 153687
51 165627
52 36659
51 166031
51 166124
64 223105
56 89343
56 89675
64 223460
56 41384
56 42186
64 116338
64 132441
52 38884
64 211921
56 103809
56 103845
64 224847
64 242876
56 144046
64 212743
64 243733
56 144534
56 105723
56 145573
56 45871
64 245261
64 226496
56 107168
56 77001
64 227086
64 135614
64 135764
64 227654
56 148391
56 48676
64 214833
64 247553
64 247827
64 215174
56 137597
56 110738
56 112122
64 230355
64 230485
64 252948
56 115169
56 116337
64 234264
64 143021
64 237075
64 238655
64 239955
64 240230
