49 19004
49 20868 ..
49 30525
49 34491
49 39914 ..

49 41596
49 42569

49 57268
49 103001
49 103743
49 107198
49 109115

49 118905
49 122770
49 123619

49 142698 ...
49 147885

49 150786
49 154682

49 158645

50 13955

50 29652
50 30391
51 6054
51 12349
51 18819
51 19780
51 22630
51 30136 ..
51 33120
51 34941
51 36428 ..

51 36729 ..
51 39366 ..
51 40309 ...
51 41593

51 45143
51 46186

51 48499
51 64694

51 74592
51 75343
51 78988
51 80136
51 89663
51 94065
51 99067

51 100991

51 107261
51 110067

51 121501
51 137236
51 146669

51 156046 ..
51 156288
51 157035
51 157916
51 160455
51 163926
52 39
52 3695

52 15796
52 21746

52 29619
52 30932

52 33341
52 35466
52 36659
52 45303
=========================
52 47471
52 49563
52 53858
52 54049
52 58117
52 65562
53 4369
53 5371
54 4136
54 4826
54 6611
54 8402
54 8820
54 24812
54 27138
54 27649
54 34482
54 41055
54 44065
54 44169
54 44395
54 46578
54 63696
54 65136
54 68346
54 68354
54 76627
54 102920
54 103932
54 105868
54 109202
54 113574
54 116614
54 121062
54 122499
54 129326
54 130478
54 141502
54 142233
54 142786
54 144828
54 146275
54 146744
54 152543
54 155232
54 157585
54 167810
54 168752
54 169357
55 894
55 1695
55 5828
55 7941
55 7985
55 8254
55 10445
55 12982
55 16426
55 17173
55 21386
55 24424
55 31155
55 32133
55 49870
55 65533
55 69868
55 72542
55 83982
55 87805
55 92013
55 93400
55 99798
55 100264
55 103704
55 104511
55 105009
55 121646
55 142437
55 144336
55 146230
55 147600
56 4366
56 5255
56 6081
56 7660
56 19379
56 19971
56 25663
56 26234
56 26281
56 26649
56 27006
56 31009
56 34806
56 42383
56 52158
56 52792
56 64745
56 69521
56 70728
56 75735
56 79950
56 80961
56 82540
56 86798
56 89616
56 96953
56 98753
56 108435
56 121111
56 126412
56 130304
56 134540
56 148780
57 3038
57 5234
57 8290
57 9523
57 11777
57 13184
57 15538
57 20407
57 24895
57 25593
57 26314
57 33273
57 50942
58 6599
58 9366
58 12216
58 24772
58 25287
58 25984
58 29302
58 29457
58 33649
58 38780
58 43785
58 47134
58 47994
58 51438
58 52329
58 63045
58 71858
58 81097
58 86056
58 97337
58 98024
58 102112
58 103501
58 104429
58 109016
58 115344
59 5960
59 14668
59 15327
59 20281
59 21480
59 22812
59 27006
59 28520
59 31108
59 31429
59 33483
59 36182
59 46108
59 46360
59 46895
59 50479
59 50772
59 51350
59 52305
59 70192
59 80776
59 88469
59 94719
59 94727
59 98442
59 104474
59 118818
59 119089
59 119095
59 125279
59 128517
59 132976
59 135528
59 135780
59 141529
59 141546
59 153790
59 154975
59 155767
59 156480
60 5658
60 6865
60 18137
60 20109
60 21251
60 26831
60 35393
60 39476
60 40188
60 43895
60 43935
60 50619
60 54060
60 66185
60 76130
60 78500
60 80341
60 83545
60 98106
60 98732
60 104654
60 111456
60 115426
60 117668
60 121850
60 126023
60 127776
60 132980
60 135937
60 137892
61 7293
61 14083
61 22227
61 34484
61 44323
61 50091
61 54980
61 61570
61 65567
61 77237
61 79221
61 79856
61 80863
61 91117
61 113867
61 114124
61 119579
61 121016
61 132818
61 133124
61 141550
61 145374
61 154682
63 1133
63 2245
63 7912
63 8395
63 11599
63 12149
63 12330
63 16000
63 16814
63 17255
63 18848
63 27347
63 31082
63 37303
63 38747
63 39003
63 39956
63 41522
63 46685
63 50429
63 52478
63 63113
63 64679
63 65714
63 68918
63 70913
63 72255
63 77384
63 78729
63 79607
63 81318
63 83964
63 90123
63 92884
63 95827
63 102725
63 108362
63 117642
63 119857
63 120378
63 128317
63 130232
63 134861
63 136697
63 147022
63 147372
63 149665
63 149703
63 150852
63 152745
63 158257
63 159708
63 161895
63 162452
63 167904
63 169347
63 169790
63 183770
63 186338
63 187198
63 193607
63 194153
63 198860
63 212696
63 215771
64 1930
64 3352
64 3878
64 16580
64 18275
64 19354
64 27862
64 31446
64 35296
64 36096
64 41852
64 43311
64 46317
64 47297
64 51281
64 68014
64 71081
64 71535
64 72388
64 73269
64 74215
64 78161
64 83982
64 87298
64 92246
64 95343
64 97306
64 100734
64 103971
64 105551
64 107249
64 107369
64 110878
64 112485
64 123597
64 128406
64 143021
64 145477
64 152108
64 153484
64 154952
64 163167
64 163749
64 167385
64 168485
64 183662
64 192649
64 193976
64 195618
64 196484
64 196858
64 197312
64 202037
64 206884
64 208004
64 211782
64 216363
64 218698
64 228139
64 230355
64 231513
64 231677
64 234254
64 234996
64 244889
64 246338
65 19622
65 20034
65 26104
65 40564
65 44263
65 45366
65 46446
